0.166618997918912
0.940847188389382
0.884148809346788
0.623003783011561
0.315093081943814
0.159193735983801
0.38230493612688
0.287398505118651
0.276422564724963
0.310616344083666
0.208488890876033
0.581703058672432
0.577198678028877
0.756293994949666
0.402831295396808
0.452389650915117
0.315783984645367
0.241061568775082
0.827403436518313
0.42040089727793
0.847328472784194
0.50884094315164
0.216800559568943
0.058660025203043
0.368811498344577
0.59871954529668
0.502338352498922
0.361638270889337
0.179204476146112
0.697679433768653
0.127365430335968
0.0326381311138946
0.354807423875158
0.73892991467381
0.536813651529903
0.673117922260345
0.514053820280777
0.364858983722718
0.67944547864662
0.0934753686109773
0.799943366445858
0.203108241550653
0.0593440684797985
0.491462157939304
0.320975404271966
0.752572501802666
0.859369364257641
0.39484008171641
0.390604697786235
0.911166429316299
0.687696799364665
0.675183916037478
0.872177971988392
0.286084807169902
0.169529724865924
0.178802971567061
0.609700872016807
0.446479375102853
0.127123777383918
0.424369469257442
0.760555456866426
0.954331894264833
0.0918839889159917
0.242292589073879
0.237138581790242
0.782628286037376
0.507302547241254
0.318947120952124
0.528845450172428
0.356364972480457
0.949714482155568
0.812974787360281
0.822901709887462
0.911436270086473
0.768761218359602
0.223456875985862
0.270750599956811
0.137188216834542
0.325551172402449
0.953671402489069
0.755839132116052
0.121447929079072
0.0225323673119379
0.631455528863844
0.014537578399996
0.374134149457964
0.331327860844729
0.430787558397437
0.164994241482001
0.61900666781172
0.191304211501011
0.376969409405853
0.845581607573504
0.327272219977832
0.849624298353325
0.121667448706575
0.178799322446023
0.121705338201075
0.122208056113295
0.33713758791564
0.322617897253719
0.4971519596165
0.290060016841023
0.972003319135275
0.235131966597339
0.417396860510483
0.229352935554165
0.816854943170484
0.237363072169451
0.340939256712291
0.404619145218347
0.310734481213471
0.262318289105011
0.507524804827927
0.0808172784170155
0.282291501863478
0.951548730053819
0.135297836197525
0.394860279496365
0.742090592738443
0.550397672241004
0.416067910867421
0.991716344584766
0.678384188512823
0.199881899770776
0.575339457130127
0.415671842668114
0.0982458358790949
0.650472614303384
0.231339750990761
0.488835841014908
0.739835772138517
0.353650624850183
0.318108313282418
0.0215131148976933
0.194106669372763
0.458215260376365
0.456644690819564
0.82640635440664
0.0945327834311385
0.172773618043
0.295344548824725
0.824506535704011
0.95736188610493
0.989191910142378
0.341949765038612
0.544390686531009
0.89928063267552
0.279452888963459
0.415101738031038
0.753322600412817
0.808092137855233
0.501395425733613
0.894289048266261
0.843238917876048
0.243734813290929
0.89280549231013
0.415448317579397
0.630828080927549
0.817959338562592
0.0435481151500404
0.572535650130965
0.600640158922122
0.174293529721675
0.034503145909227
0.436421778323103
0.775411814881345
0.348064329124496
0.096197656341134
0.974554513964853
0.879658085280774
0.538033139383676
0.986126235255099
0.428182387900511
0.6931708897065
0.541934836152642
0.127653120100195
0.355592395009083
0.00960657758177774
0.762938368353788
0.847202553360021
0.409588631789103
0.220233224667828
0.203837777432992
0.0368505527900665
0.0404790486404081
0.566697003528829
0.339873307353116
0.91321665311736
0.468636130338529
0.488033977249935
0.578930776457836
0.519076732080195
0.135587309701222
0.890248737201248
0.14080667148303
0.733163195614982
0.87256974016115
0.129536026459921
0.544632682822831
0.250890232563562
0.589565963114384
0.378040282522175
0.112166161617295
0.0703400301964076
0.694626924806804
0.52706556440244
0.433312747922383
0.351141993819727
0.3661107309234
0.823318818942485
0.0043258116584417
0.900220508888621
0.0301787939855934
0.71863885836546
0.981424521846412
0.44593340895235
0.75412154608002
0.889990157945811
0.747367158058102
0.987431691677947
0.653789975542064
0.402284889509993
0.667146609841138
0.412165078268686
0.538909235619251
0.504228345177924
0.524748929050552
0.518866890315593
0.0204628062332612
0.581119100949949
0.585069369264477
0.987268577883856
0.860819035850903
0.998653487251724
0.252276891100157
0.680098195133433
0.0393053257919497
0.648897294253138
0.681426339287169
0.034725086213391
0.50360124562744
0.214458138761837
0.0440693064628683
0.314506894434013
0.777120838630208
0.617996522301381
0.520664569470327
0.414229729914574
0.0442642552244594
0.495810659338125
0.968518306875295
0.711446495557461
0.373338197622044
0.760101123609725
0.968928101986281
0.312387459535641
0.618910675832135
0.880773372718103
0.112524359631231
0.876714055165758
0.0976509850198541
0.400845644922664
0.27855364847019
0.318128735990397
0.983837379105717
0.661113165117769
0.220731394149926
0.624404293369762
0.30100638214658
0.890498953541574
0.214088739697427
0.508077392403381
0.328233969267179
0.637289846878712
0.960680370257556
0.179937839400028
0.253235323753143
0.613027766161943
0.437914328336024
0.164215260274455
0.688331424201167
0.889328599512864
0.502955627150827
0.745816428540939
0.0611022851724246
0.0797099189463093
0.787709576107457
0.961142235517156
0.979222682163707
0.389039700759198
0.962249449545864
0.314562182849087
0.365489579083701
0.0939427478667165
0.888065161667948
0.18388738751256
0.447915751572945
0.529864525380575
0.87625911791259
0.386999113917719
0.910179793286783
0.250994104164972
0.624508375569288
0.598816215007837
0.833685796105545
0.0554001945473832
0.249487496758389
0.126569069125128
0.241504958896203
0.199609857407899
0.236936116681645
0.212967375966664
0.0366613774379949
0.0561546957095114
0.816774355139863
0.199185537496317
0.912206353644746
0.59156005754648
0.264821264314044
0.529540018264822
0.710271082102219
0.50844058367426
0.368145772014772
0.484043379996929
0.505322987086269
0.85345045645068
0.281875133444805
0.303437758207232
0.4088037410281
0.0809777276666113
0.960892295799345
0.797591633326643
0.356590632888999
0.592232600183164
0.993578677596178
0.806241749800435
0.0208936591542073
0.766842398585594
0.930149912678797
0.523818586679725
0.0903907476110173
0.0163010240445974
0.19157121199562
0.839080115533322
0.0510830861032981
0.997749086920946
0.281351188783699
0.272887025444606
0.584960424823047
0.237867279757018
0.0972221599443956
0.0717158985917873
0.524603973675009
0.604044694662944
0.541751924185784
0.747390951662033
0.125530851230778
0.951774016079266
0.818113489195432
0.0935976510592325
0.115222455316609
0.750427383815003
0.432356935435962
0.659718763823164
0.246183452206349
0.479748936701481
0.931503205198217
0.168850608384743
0.982214185887791
0.5431093734355
0.3979099665521
0.329975030674438
0.179649742940944
0.059722248799384
0.798754965851735
0.900112136646477
0.634205069004723
0.308235089914582
0.309954003356436
0.135530723062563
0.404837722284434
0.401164782086539
0.4374943028183
0.850400515463524
0.251589836780827
0.702617691306721
0.50526058902195
0.0746450117348306
0.397948894113597
0.730807260797619
0.382522933802414
0.0532345533563103
0.608109318921594
0.649814565610828
0.934625945618043
0.349014949141497
0.644875713410803
0.352358591795032
0.259015804630878
0.794305899795136
0.601410878164057
0.207197344555687
0.841188238844015
0.250852968565021
0.899977897676912
0.201670426637829
0.86950365639156
0.990295007599755
0.141169659185957
0.114658239918036
0.422994973160878
0.0901674677000871
0.747292325829487
0.0178513455555855
0.595088063015038
0.5983054934467
0.577544288408036
0.81381675672625
0.796541143429801
0.0981284652158652
0.407138187020342
0.0202426667271428
0.660828888824223
0.74512728897492
0.197971130812964
0.975114711419443
0.178861586444964
0.441354858223899
0.405309791321034
0.472440954053026
0.854855683169227
0.826625586602548
0.399717912948349
0.388463553025383
0.481338420111098
0.803568257193478
0.596549929250289
0.393115440434952
0.0785962132475505
0.010201631634395
0.913835795412481
0.386100722120907
0.586434432133309
0.686688358111421
0.902344552592048
0.12748380651504
0.848301564541301
0.713791421896542
0.091589280539184
0.892445150591951
0.841787314994778
0.821740612128886
0.00777096231782715
0.425052351298268
0.624059055847954
0.817011352567219
0.494509360805833
0.135010836773917
0.474240530183647
0.61196799973515
0.359209700988189
0.712937458305541
0.353303723686171
0.927533410772161
0.79096173154202
0.013107388735439
0.252283141428797
0.420494671336435
0.0907277147841665
0.651252242577724
0.955449118954527
0.666009783617688
0.435826683412022
0.849116895937278
0.727032335708329
0.801113247648242
0.456226109532971
0.965484256934528
0.92697977798331
0.601180347248528
0.800798097634116
0.638327253774843
0.177593991048291
0.689365650681175
0.285282934972351
0.453325003587677
0.307973797986769
0.773677168800522
0.427748637948661
0.772164323148924
0.51735075615153
0.387906594973136
0.26855537539976
0.121485625444685
0.834153435779819
0.140297593125441
0.531025605767396
0.100526372328781
0.108216386575602
0.265902127084183
0.510186000807272
0.990425845529458
0.805329732683104
0.62965098937278
0.0020179207331098
0.523776619067442
0.0890690440533017
0.0581529515603501
0.288674685635988
0.0259578906204495
0.545826644565906
0.308422133233079
0.960187097615594
0.713100222337026
0.254274910248416
0.985510879132563
0.632538977177477
0.681741935919815
0.173640593779377
0.543457034149782
0.652822437949581
0.399895078049356
0.0136154548965146
0.0417521764352383
0.5778165028724
0.357080153955244
0.0369315986708615
0.338004760220263
0.696375685437009
0.271880456932099
0.988508571783905
0.407996221596994
0.621236289364181
0.557023280547811
0.741397163705498
0.456692800277787
0.296881742897481
0.676041938314765
0.779686101797689
0.177451121698917
0.198764247011941
0.402354691247655
0.306154505366108
0.345041194142955
0.953051696502682
0.4089291204423
0.0971243448480801
0.127855457819968
0.633124820248645
0.524372012222341
0.135388364591764
0.465909088535777
0.20914570900227
0.588083644518521
0.523896723576448
0.834710298097278
0.273258211271538
0.90369392920605
0.203882976071675
0.00175723749086742
0.816677658844115
0.720933897441389
0.794489479412397
0.333363918128595
0.201806725154758
0.29947257049565
0.24957536623734
0.922363175876806
0.602530495987272
0.533372763296729
0.166162468367738
0.682738828436575
0.10006651610604
0.453274485241981
0.850298147408196
0.190814051508765
0.203313062166717
0.693348027322315
0.299657074933228
0.660280831039355
0.0096024291277913
0.433985232843885
0.38997967035734
0.428147992514423
0.533358518924785
0.933629685361961
0.123254862667562
0.740205790644332
0.452231118408865
0.0962749557109034
0.523345495173671
0.0118260552525704
0.0374645926742135
0.970720045161867
0.413749322928462
0.887645405036154
0.490428840314064
0.975053811806411
0.224626611514387
0.904081744612471
0.856871663037841
0.686550784842719
0.361351421743884
0.199303880323717
0.76360499394652
0.0999102152509767
0.653530863709459
0.334481677712011
0.703548579039629
0.733070730078102
0.830528305207579
0.106495674421791
0.282364351338257
0.471193015716548
0.998214552007938
0.726691913999791
0.750316977600653
0.904029225004468
0.736174730786304
0.259464927056019
0.0721514787531311
0.819275740039431
0.799381366835148
0.692882753175966
0.297443536611709
0.526404642433523
0.422817165819483
0.886175949082911
0.0276660292256588
0.293183928858656
0.670488654890788
0.225509291660876
0.500938115292679
0.69050268244721
0.621287247605954
5.57741236593134e-05
0.0372132114843734
0.403458070647832
0.0135109775235646
0.304682763442213
0.0908089652891396
0.205379747276666
0.0391010061274012
0.968547400981038
0.0383744343241395
0.84123631961401
0.370021692814692
0.776506691973572
0.0151367797249664
0.551011028236262
0.234830748246103
0.716679088742426
0.423667351529114
0.862862018925538
0.17925285522984
0.880659589900209
0.79225883920692
0.133596499718486
0.686046572471104
0.442659942665498
0.39564974258974
0.642727239953152
0.47683356483498
0.379263738866891
0.265165438018313
0.713867432594744
0.00806496106817589
0.451311484066006
0.649882450047935
0.575669581449506
0.141739064785811
0.176326610505431
0.0164740596873001
0.33649452961727
0.555717895743507
0.246770680621119
0.864067179720074
0.328249363333305
0.463655632277126
0.0806823024250582
0.504692717585587
0.750179468852927
0.641614030412039
0.496803021595182
0.597303267428062
0.432608426377109
0.880420071444961
0.647110031785809
0.263825317879826
0.0250543497130775
0.490690268513094
0.263750360373006
0.652926991718807
0.930820471834423
0.694260897512875
0.655421067210913
0.24912488646117
0.61211481468542
0.0108076796111625
0.134107616799719
0.828176849065618
0.158832904783528
0.900115486879388
0.533463224451234
0.330306430342496
0.71342874892415
0.908326188652278
0.70886037492508
0.526035944583856
0.604234834689024
0.307871413250779
0.313961856864006
0.362324952379375
0.428872810216878
0.0856299727936326
0.373549732118825
0.78250746092352
0.500834543915868
0.738839941220778
0.838896813657463
0.37293150600622
0.882384697489663
0.782557170060073
0.166930984946741
0.301266866630016
0.361042738243087
0.815176624892237
0.168866802165028
0.244478197182178
0.869813166367162
0.293941566432774
0.926069866253286
0.390256258743623
0.0842049540440508
0.50720969033152
0.379377357649638
0.700322240873154
0.576214623816129
0.956910452680333
0.980104768140382
0.951053854579775
0.207058761449394
0.305343178911568
0.909878856368429
0.697946728731154
0.461282227773484
0.800748456449716
0.651207492456223
0.900450888596279
0.535665480742923
0.799990166499082
0.250307815189447
0.292747730243212
0.970883982354622
0.852030265613076
0.848623267146799
0.585754151369718
0.335594066437571
0.612376580598305
0.696421729420389
0.378124149624503
0.436552041545574
0.863449172250901
0.268502909170467
0.722923272478928
0.788497923933998
0.210671346655325
0.107313218418901
0.847973834014996
0.845691986613238
0.455162310661504
0.0831000799611066
0.442218723837934
0.715459785867269
0.233115349060884
0.484668973379436
0.329040408069128
0.878772711735674
0.0342433572511084
0.46884070593
0.593723705478282
0.22130379564918
0.810950028218764
0.180879875673606
0.543698885173491
0.536609219460135
0.309209833131774
0.631534827541393
0.110866175390841
0.0607859052413675
0.191311115433843
0.395489958319784
0.193530299837333
0.605639088324286
0.664129190871432
0.23843932482244
0.386358203979167
0.689882977410461
0.393141498034851
0.0290017578185474
0.367521560326221
0.000423032250460254
0.870289707655139
0.406313438967588
0.300598084235353
0.980165456324371
0.375916785303101
0.54063803828348
0.951902339494536
0.598830861063922
0.93926766164479
0.369501441308948
0.738608913167688
0.80782522754018
0.790816074351357
0.0725294150904194
0.631417687397966
0.318579957795553
0.590635025803563
0.0413764314555209
0.0356402272260119
0.580063024949399
0.341073167603876
0.439332944160541
0.676969792231415
0.942855057440845
0.112337452682008
0.68572128410919
0.798500004859695
0.694001352956744
0.842973808999486
0.230062791505485
0.502500437211471
0.934056627105168
0.0741348077222443
0.683146812931045
0.455570726258884
0.48434610158998
0.43532535643061
0.239464985972864
0.276024035295563
0.153406130173869
0.854742948283366
0.161915501180573
0.88666819849694
0.669017407593558
0.935558436675625
0.967175662357973
0.207781589666448
0.953582082891201
0.0127864021725693
0.0902336877131671
0.638200914046209
0.567437645301511
0.0787525672824732
0.574524242663263
0.777878294838034
0.805803478669276
0.133636547040745
0.7752809849765
0.971371592909089
0.892315618298794
0.70510010709001
0.883673373045691
0.785172827231476
0.368869557832772
0.773662115021531
0.479057444773953
0.0296523993745182
0.0451525601430046
0.0729210843489174
0.542736013941732
0.870999223287804
0.383584970699059
0.0695877455621006
0.138378810168597
0.626379022083375
0.80285694285677
0.83544028583542
0.157223649745766
0.645253178370519
0.282338575131641
0.22601414188082
0.251551040248072
0.904906648330768
0.474213280518604
0.946261392074451
0.765610592117406
0.351314905466134
0.185271051434262
0.0760318541796595
0.128479809456683
0.237030444469471
0.793358033671531
0.975856971277493
0.26154884942694
0.219203482529712
0.432167160227008
0.500027957470968
0.0866836142062692
0.283642599333496
0.393118605008359
0.0841262518789422
0.395945920791063
0.541688016371695
0.95942597109582
0.00330620710775598
0.434286800432155
0.733187097913411
0.118978886950618
0.410960943825983
0.626104215469716
0.262682968624772
0.423491614377946
0.61569228938023
0.233394263140237
0.461438083777734
0.923386801895805
0.586210069619792
0.399248819516451
0.270399259258439
0.341001239354535
0.324662069534315
0.4048466847288
0.0059761179801624
0.330119143844489
0.249095494262074
0.0830895096597325
0.161165565869344
0.322133635524987
0.944726998205975
0.386003885540349
0.902747436517387
0.410023876762991
0.423811580980454
0.00108352270328094
0.634054830646782
0.122478078412698
0.287928790053618
0.346626706613302
0.71382116462891
0.968276765915425
0.699184268640625
0.617377846689953
0.474244022829776
0.189862331178911
0.387483400622974
0.70216714077369
0.910432312110504
0.949758479032293
0.558847082563433
0.794589674047864
0.219782282392108
0.148297217214001
0.214397072276432
0.529895941931708
0.980686026740073
0.154241431965529
0.861260005333564
0.285485157736556
0.22882970647364
0.149929488806218
0.320722830458656
0.0550242155894671
0.618915900176536
0.0422982186015589
0.268870222770939
0.934581278477249
0.860522487095306
0.209240517486633
0.314446324162373
0.0437457943432263
0.966058251673296
0.212120333271796
0.482930637440992
0.593345321797554
0.883077866687671
0.0214246908133056
0.408041851605446
0.967611203323533
0.652489262948643
0.746388487557326
0.104926502014338
0.0760881183595719
0.0980137063869457
0.361303980207604
0.247300818884842
0.544649502903043
0.170706118846808
0.354768532992828
0.893640266131631
0.524775145708364
0.824873320325983
0.716555608392496
0.441488892888792
0.124654149592733
0.417260538715153
0.417416825962833
0.0451566234712599
