0.953759424237319
0.0869160201040712
0.311263619032093
0.182222101812568
0.00854331325692215
0.0241344856536581
0.352002728959837
0.363374277419681
0.87593256289837
0.499453800966699
0.210517182696744
0.516573671727217
0.131424972087222
0.264596847244105
0.696933980764725
0.0675591390490219
0.700444929694118
0.397651105629472
0.98436060061998
0.093231385788471
0.0450106579532926
0.135029498272154
0.710729927402135
0.102210980338549
0.892154668661411
0.584098861100883
0.956761062547955
0.892268558609193
0.14831193658859
0.729907178626867
0.898295081267829
0.049759768532897
0.778255388033293
0.527592642505163
0.719146001148923
0.267982251288492
0.305337262250324
0.963273636400773
0.619349668081309
0.551653022461306
0.544708294067574
0.968557688829072
0.390786024772013
0.723812644203732
0.21706275760018
0.926664746960865
0.929486449809664
0.269288331057091
0.846745752315724
0.269171465815796
0.190088641173068
0.998990062916705
0.286576845736495
0.724914986222136
0.4638105999088
0.569793863473029
0.168361420808008
0.654691691734132
0.982079228140621
0.745189348341825
0.0073463625146567
0.00530112868923249
0.202970186241474
0.913766511977169
0.652591083848748
0.767535623959384
0.664027296098796
0.166987811434777
0.162213835189195
0.755252950134094
0.768584711261945
0.149274412666208
0.868758124504087
0.273465359798109
0.180248222273371
0.702063059108518
0.393393011259162
0.171150675993316
0.635484258995609
0.43673646425
0.0715691633995461
0.872769997912124
0.954956045052472
0.0785726701750697
0.0676115885981327
0.465988364902721
0.517939064646977
0.198796076708334
0.937757275532055
0.838052676923018
0.794732682486453
0.074863256128925
0.0962269935917853
0.24901189991447
0.528620189696832
0.255015297552184
0.699416217828554
0.99284137475333
0.0396964523895168
0.846513316869218
0.281901677793708
0.569951987155205
0.769250171654311
0.644620780801478
0.934722516255718
0.519601047635956
0.774162912151386
0.792593749746338
0.383883225174471
0.346673123896481
0.107190945247233
0.455784341911103
0.844829899410231
0.25519806573938
0.488877999125619
0.278911979961097
0.484971117389068
0.0848140102827617
0.0963338012787768
0.886520902823923
0.691298015510447
0.336970813892961
0.265348726731089
0.811755980850348
0.392178089922978
0.0016931084272358
0.523601953197294
0.229753230098202
0.0705452698975683
0.935826755468556
0.11560221656981
0.941690110025402
0.0470357102419223
0.572249389575414
0.242419519590551
0.110554680824615
0.368822450297239
0.812883792709881
0.418841103734679
0.443354513243478
0.529305920078704
0.154924113858584
0.120687100743259
0.208063783355379
0.562780945396294
0.449868367408566
0.520974257058028
0.317782949584688
0.875888086632682
0.399927341186975
0.91514866984464
0.964850757174157
0.946143479829451
0.845663339333645
0.0960163777685672
0.0740937783338563
0.77388158466217
0.640128149818516
0.661109840267315
0.369064354093445
0.209275937989103
0.961390286510115
0.364652611936618
0.689336839996593
0.216809926897977
0.924520724042771
0.545663129768151
0.735763834574071
0.23872384048379
0.839143283215871
0.679705271496388
0.784468141972019
0.0965279638526365
0.384526840370767
0.357822091914921
0.497585057058074
0.278805594509639
0.693893018405147
0.189986924630054
0.234983623069916
0.59962937666413
0.0613030960722176
0.566671405983446
0.0393660687978137
0.303328948491925
0.147587789116655
0.385869592477855
0.899943161699555
0.684765703256331
0.439686059403606
0.620442487981053
0.592132985628907
0.927635339631648
0.470125011356944
0.123310358046409
0.234686797097641
0.498625805812584
0.417922933760666
0.556250031080552
0.930195613480672
0.269988686544657
0.663698366666072
0.370675505141104
0.260614022473985
0.482994536316331
0.946777872505672
0.0121782300319041
0.022116951762957
0.0182452207704303
0.184146636693221
0.20606372492575
0.382974463486892
0.248572174803943
0.298751627758886
0.105063506021595
0.650172583966386
0.865108789158967
0.948653377317095
0.748162163324785
0.79881687073897
0.818325944077824
0.620539140773968
0.356448305636369
0.0389960311132005
0.364154591267154
0.154108704549306
0.74865707198445
0.00682564121570972
0.797613492917076
0.370735833790787
0.38290274261292
0.589461947819344
0.661199838532979
0.0209488846390927
0.409213307673406
0.30783682707574
0.137843330259887
0.430682738414125
0.2008882526269
0.0741054082775188
0.00665208666278028
0.486399461614892
0.457786307297812
0.787598122274329
0.892660215543748
0.095073410131864
0.222279803912199
0.720540161142639
0.483982357971649
0.957807711718798
0.584669135315075
0.978694235186375
0.347415500876853
0.942570198654445
0.00276711904146543
0.534535479514991
0.434884975726781
0.911102790799252
0.115665260978371
0.807713499791656
0.39333769253831
0.476616522075322
0.419481802185198
0.693738423767288
0.331052977086482
0.978295274293521
0.46256620485522
0.576102289832248
0.372801658904716
0.65761456890757
0.45164152101742
0.226138913779819
0.0346300786811974
0.793816249641391
0.827782728433463
0.269262758620366
0.160212706432593
0.979738416144387
0.545995745555041
0.169032395380445
0.108320732871149
0.748305093822148
0.627654950472941
0.659401698175493
0.340029491638893
0.478809880425775
0.150576281255949
0.726109778733312
0.711345024015473
0.355778760584324
0.206913061267592
0.100362367266389
0.308554247403754
0.112724740146568
0.576641309550319
0.518555868092654
0.186077700675376
0.409606620047759
0.559628441866583
0.987627581795372
0.669278888732656
0.580490737892568
0.911983301694184
0.289163352924532
0.705715697003245
0.567995446637609
0.251084644149075
0.465008632474356
0.945570040135897
0.296666738121324
0.351518408440298
0.318801800789598
0.49266602421528
0.232458167568096
0.425868151847431
0.564343544033913
0.092074129038514
0.8962682752538
0.613431030130444
0.700329473305477
0.751238946465609
0.714836124309819
0.117048920690157
0.450095563794057
0.364394349395891
0.42430881590678
0.474731568930686
0.395411471414692
0.937403595076169
0.372713404953324
0.473830113603421
0.54521289633566
0.145574746850383
0.26432015628097
0.731569199372423
0.795244260444267
0.998469399076407
0.249048470228669
0.727417125677341
0.853679643271704
0.453543710237439
0.125868280872139
0.390574723041973
0.661690967845707
0.580055158459714
0.732327983482132
0.888491869913795
0.73078163603615
0.213913605033217
0.0535757373448127
0.690387401582676
0.52524669949405
0.524692977970431
0.826737358387109
0.387828542145144
0.0809652569270916
0.440388934153853
0.664949799485445
0.488336769863516
0.624978923538452
0.13303934572349
0.735929654323244
0.148126538338066
0.120920618119584
0.178997626851896
0.273206623815255
0.179737228873168
0.828490862450142
0.825528878869554
0.18901744842789
0.477322570947175
0.540813724890185
0.140612978094764
0.201945998229571
0.716176887000169
0.423882667360755
0.207134518652097
0.0649825076885321
0.401606463749737
0.727184173264848
0.642244001391855
0.0181479633618133
0.58923754862438
0.60132195810923
0.104262699758473
0.495153636112242
0.0724264090439509
0.899823489877367
0.472016266726001
0.86417896513271
0.925546040912294
0.424677049933391
0.843118380136852
0.259463887706708
0.169003184277902
0.739039969258033
0.155322718668207
0.708109212895144
0.202564568233655
0.930788737248506
0.338808077855027
0.256120932675138
0.857106505688183
0.0846325256052579
0.142708309053486
0.839829394617208
0.863362100141225
0.420814263583418
0.196825537292614
0.791628343839719
0.876020044582936
0.664394547849519
0.673775229606615
0.387851597795104
0.398920731158061
0.707622169246679
0.938895517674408
0.0874098529428158
0.38838832049812
0.462180160151594
0.751758334330637
0.849177135761221
0.156483490266523
0.551928546601885
0.87608997319549
0.701165289927559
0.844903731991345
0.477491502381002
0.548344142809503
0.57195234920751
0.824709901923742
0.949217455391966
0.964167665396347
0.796563469397388
0.902129103130283
0.405326894477336
0.724540977172102
0.922787877463693
0.361128436319351
0.0121138741011663
0.449589414535073
0.156916205812493
0.363013220290015
0.998332035377632
0.981447144312918
0.0509934672906588
0.751983150270585
0.147140405880618
0.489901829699117
0.444485311120004
0.117468388023739
0.643422996206064
0.0291160541525891
0.187386453202321
0.0313500066804583
0.365303827951582
0.478072925123219
0.744156154434355
0.653919131402437
0.814961030253281
0.863275292843869
0.689518119098199
0.750161229341297
0.611459935001831
0.31169582697249
0.846746600999305
0.344957056513704
0.789898318684719
0.253578822226866
0.966360536654446
0.945982833851171
0.704074922967945
0.680726819613047
0.581199804894393
0.159573305552676
0.0793745681764072
0.207676447194558
0.442473251140493
0.776782086205663
0.280924658898468
0.0142513835617712
0.467717745819886
0.99718221286191
0.193976579196804
0.885119795298293
0.18321615113157
0.828705385915589
0.364091060256815
0.577430231784494
0.218260019814832
0.463856790887152
0.49203261020483
0.722035346084606
0.0724209930288603
0.94995953449574
0.918205230845516
0.674202502712821
0.216849986858575
0.993285103111875
0.852761123734507
0.287719310959602
0.243987167129547
0.00351608937737691
0.2288714509672
0.604055439017278
0.00761477195309113
0.0202205927109974
0.964437809399958
0.506828731094784
0.880637926600992
0.775482844635539
0.210603883922437
0.00687218845459803
0.196681991229714
0.139966929302138
0.629969114031741
0.365864280567881
0.537343553248709
0.387656472676234
0.854315417160271
0.606164722053416
0.701330420976354
0.621874270972991
0.511654842504734
0.967037009343269
0.558888536795434
0.139862148573594
0.524344006997741
0.0964308198305003
0.708977634962351
0.591275205984082
0.403787628440021
0.501907048816895
0.0560537507809419
0.284339874358089
0.332672252204976
0.01435562524797
0.703568575955444
0.598360007701264
0.726178538363942
0.942122508489725
0.0924018804865407
0.28371522304352
0.593476313326263
0.126828575997412
0.0968758976589877
0.569856516683913
0.791273280245663
0.482164024617526
0.34569658133247
0.226826028210621
0.534809635016324
0.591155008925068
0.552465557949536
0.146210488349101
0.660341828615382
0.79686144156135
0.288848000298849
0.0038199656854635
0.717964791057855
0.39241020949592
0.562036938857408
0.274615368201358
0.272471328936293
0.0466773647906166
0.158691447010175
0.251150416111231
0.503250841494621
0.587014623810371
0.740652877428474
0.591356027171841
0.305564986209355
0.997743338030616
0.0975077398786581
0.922286416663337
0.906562769942711
0.077618487459428
0.511322373543951
0.136735213089886
0.0290984495010477
0.433344732285847
0.731575927759461
0.36629667077931
0.941303890773155
0.271261931712668
0.127510521285962
0.816039247182573
0.957647330198218
0.796038855248585
0.940470438305199
0.0388310139873714
0.960885183907555
0.842748697423708
0.628021844369649
0.491893322447508
0.637567711293985
0.919622561558978
0.747131587300797
0.0426633051138561
0.0661984563178885
0.480357191555043
0.250795749604507
0.720113981697647
0.888502769098197
0.106057583060533
0.23302829612461
0.886706241736301
0.981807172039441
0.314149290517726
0.448676595280092
0.0380865397080424
0.138235853604335
0.481342021815585
0.661528259305353
0.102468097840933
0.152087708692188
0.450821305630984
0.839208548927274
0.0301653344110925
0.962811139528909
0.755141554728311
0.945393333132658
0.741038635655062
0.650286675895835
0.965026042974046
0.543964809464951
0.814697019666154
0.0198899762416305
0.0937653033049698
0.31735665163271
0.00109350213577364
0.988374726193251
0.330668582873499
0.0129349180544716
0.220546040624211
0.984112160195531
0.307146642369774
0.442760277534872
0.461522538769304
0.756778811549744
0.911743690084751
0.956181974358742
0.0279549411850509
0.97271424323864
0.430377941161886
0.599808043418519
0.744206528349656
0.73559943531871
0.995172133062977
0.570448987404568
0.735662458876138
0.972680074956673
0.581638882659368
0.21746610061613
0.252189191966287
0.875377556771383
0.0444227123865415
0.428447588562451
0.119182927732616
0.387109848105994
0.14559531846071
0.0337440591558473
0.457555036187616
0.0615151668771979
0.953976920552202
0.136524446415238
0.272499819129222
0.525115663089355
0.135975974471634
0.569393152218461
0.393292323315796
0.682630416544691
0.662136380980406
0.785367754749426
0.390961993464886
0.365408359195084
0.968946517312306
0.892929190401995
0.784280322944079
0.585517579957057
0.770363459176384
0.0734084888284956
0.793729197540619
0.767839113554458
0.814710393919475
0.896793500408762
0.262047230019043
0.67292454917559
0.803215540218344
0.308698320576993
0.556408249287956
0.554181212752312
0.891082601706877
0.46722722731006
0.470882764797399
0.477423281384557
0.126570625325649
0.871751621890511
0.632016719809146
0.467954660975115
0.870203388500034
0.0653277095539744
0.634856252189012
0.775989078694509
0.203251958389277
0.0744205487787126
0.72114750159278
0.630010618466757
0.666911222978667
0.329838269443411
0.374728550186907
0.032576936684942
0.939308874773032
0.0728649132880952
0.394257159705313
0.208485350404352
0.53444745768882
0.397921916386553
0.109832065504652
0.630306103225431
0.378262620390485
0.560722148846381
0.487369923334699
0.143567040886502
0.446338155677693
0.413103978337859
0.701243114556328
0.693494852702111
0.9340048084349
0.90238122068881
0.930082750507875
0.629950812418315
0.0891223495542837
0.0492341504798294
0.8142689950898
0.587241948748315
0.480177807131954
0.0391611824747764
0.288060361377143
0.247790286197497
0.0972942589823732
0.633270076023889
0.528726771861155
0.643185196230692
0.973856789538163
0.517951915389648
0.651975726863046
0.530962715067463
0.410995334327583
0.514268539585306
0.152084076284038
0.960661027070795
0.0243211873678538
0.966475515087975
0.589394591417476
0.378244042989061
0.24670448330023
0.0373747695832278
0.504307750195159
0.375972793840349
0.83309748250313
0.257502299064279
0.337756487202655
0.649544452617744
0.506523239511446
0.974710413618404
0.337956434649939
0.22313343762207
0.767523248214657
0.979187800765946
0.760433305053698
0.405331040073895
0.684987377888255
0.987347900264263
0.964701013181737
0.169197727597222
0.927012074380902
0.76387550994914
0.856646354079791
0.167192372500356
0.300140859010691
0.855982908324718
0.0863889467688596
0.512188296534347
0.398365577405411
0.351790161639945
0.977273766999277
0.34602164533129
0.199841103029127
0.561484136428456
0.738834404736569
0.401669786092317
0.2438590708229
0.448717725402027
0.283749737027164
0.383455756569103
0.731687860614242
0.573434091933221
0.696563761187307
0.957968958805028
0.875779035085081
0.137458321458087
0.0925518706606894
0.274358179587382
0.31128433869925
0.177570739893046
0.437173669362884
0.403682713452632
0.122367027056295
0.298149602360969
0.60640672933026
0.068100865572248
0.312954744204739
0.550719923679756
0.582128987036351
0.624336872053894
0.824549951065888
0.592028874774081
0.403876884369226
0.344617915242749
0.550512350639918
0.346262703992614
0.212907195961861
0.313826541199227
0.252050593173384
0.899302481225339
0.551424698176874
0.569239987402171
0.28988626771705
0.14815212013139
0.690417286028504
0.956891058473185
0.290468454095289
0.914330097308729
0.794507663058189
0.260071319664234
0.509218514208393
0.0643277091673582
0.580852505666809
0.946386690436414
0.980023326429477
0.428808978294228
0.352411364966824
0.820520367814822
0.0542567650276945
0.068717846032217
0.163327850860219
0.608896621987109
0.0381052300694014
0.117301043818057
0.248223655574532
0.942900290440112
0.36588428514987
0.828991319675997
0.0629378536420391
0.468476421232222
0.13408599287138
0.859540521110939
0.885610793168766
0.398710119967316
0.761124053894483
0.660363399193239
0.349842690626312
0.0252807066305989
0.0874872273693565
0.771457424765373
0.893932943942942
0.498923067857607
0.719992829975564
0.0615705329406383
0.632482396334052
0.450815256653483
0.0832461907153813
0.566252051316123
0.905750797082949
0.870832105310275
0.102734859287423
0.263220656406156
0.193782431027775
0.485470409256225
0.960272443007874
0.439120835189782
0.0558967652197986
0.0445700507591428
0.439472713522009
0.696322421345886
0.0985770302757376
0.214593748782015
0.666822609644129
0.761113880993082
0.50348049541325
0.00380092842231294
0.630594397813206
0.975328042479457
0.875411406209869
0.28997713450332
0.437590741517877
0.412527528722796
0.764604277184666
0.510474824770682
0.442462216856601
0.516512407237116
0.447007719163562
0.168593953521747
0.0434168886902113
0.535530007526129
0.379340835632155
0.447612636362477
0.627342841745387
0.724671233784678
0.379535324321952
0.866183621428575
0.927925665525258
0.556013772138527
0.463779245747097
0.678693101778295
0.281149069236968
0.366505835226374
0.226027222509467
0.943876081886441
0.0404939819017259
0.317304665454399
0.729101122041704
0.596912216911928
0.650238359241626
0.840659157944516
0.362682944395032
0.306594392927197
0.847337942018448
0.296234689443126
0.593723309429355
0.882130029881382
0.1864737072835
0.189605711676231
0.14427451352815
0.709265362944313
0.559916113645052
0.278951153276003
0.0674173235262097
0.238317867087671
0.373572984577006
0.432589819097789
0.999314578125464
0.929032925116764
0.874835204083261
0.915884289123599
0.533662970839394
0.552846795921072
0.791794493339846
0.951251582901034
0.350657465484996
0.163624787106036
0.892567455175443
0.960380943478352
0.6059409389955
0.411687695607398
0.706233319077194
0.875277133379896
0.749288781851894
0.74358242395398
0.692345743354576
0.181595755931362
0.79553649064518
0.773659949960294
0.248792073210089
0.92550457296749
0.948858535516976
0.329026083549851
0.337539516882918
0.136272825392201
0.270278973169255
0.234821664355636
0.0130998815467581
0.165574215735191
0.814572158681817
0.814084993794017
0.746427273601894
0.390996422463158
0.789431034971531
0.462984758866283
0.0862437361674818
0.111352917139893
0.671440723381886
0.462630970528813
0.14043465296088
0.510890573444654
0.0204721367126581
0.525357266247547
0.638231504733151
0.477405294274567
0.682551668896746
0.889381142602072
0.29128098236602
0.567657702881122
0.379519612173924
0.874892006066139
0.0167583598926522
0.259588912694152
0.389414477217995
0.704974522520746
