0.647403013321456
0.484233088880438
0.251307369361461
0.616756086495556
0.88878427489686
0.255738336262428
0.211227893651469
0.529831445372488
0.969023043401502
0.0146281590943423
0.172741751650147
0.0703587453768143
0.755805510850524
0.386448531049517
0.014136008105787
0.374884990267627
0.137223489451551
0.170819051966349
0.356430005970907
0.496411441532755
0.847068127317878
0.192967476985309
0.833828026407719
0.273415351403046
0.191016185260009
0.593662693021387
0.442299416502633
0.638353991459323
0.64236221901226
0.0653327443360535
0.500174715137881
0.419506866453088
0.397022575516326
0.96101379690336
0.749448170535796
0.0381709224903617
0.313306702988082
0.27907453304761
0.507291141473835
0.706110652989872
0.230781877515101
0.140972969403034
0.445261985354955
0.165082838865912
0.971443833726432
0.10946163091565
0.384470541586729
0.915964127335928
0.268242904531207
0.73857144688219
0.187668413714496
0.517091724893442
0.850299393415952
0.914207284276265
0.181971938435077
0.181363213280293
0.507828600488902
0.0743285998238266
0.810977108882359
0.476579468841137
0.189865802826727
0.441224965805714
0.0740037797853613
0.241150178356224
0.018648545309749
0.744337642197555
0.463217090328069
0.196452651616645
0.0464604136820872
0.324242592732874
0.335393312380332
0.139679321650848
0.0166977605950733
0.362912958344716
0.0249986713729067
0.744285545950428
0.701778094310985
0.293586634449215
0.7608987433938
0.875988959367253
0.983688796551671
0.521653261144869
0.740713814975437
0.193203924344576
0.230929679816464
0.0595804529840674
0.507116196064467
0.667068832487121
0.671467298634916
0.0372854119256537
0.489753686863296
0.258798808790439
0.384911589357094
0.99635266646869
0.164072919134432
0.290212190647602
0.867196288775309
0.84638453542476
0.653934231044073
0.357144108041285
0.620919184639224
0.99139528738207
0.636538541792373
0.11721672207445
0.714223258792796
0.314494603011483
0.910025738388048
0.818468857974571
0.712844880804943
0.127259481623548
0.438346536783497
0.244423798056245
0.739895771102779
0.675993479078912
0.279707527119066
0.926334171463731
0.031268030031055
0.488935246252577
0.155880182626612
0.537124860793617
0.827190437519481
0.450289245019158
0.0825893204143918
0.784068340606465
0.835826215772412
0.249536887168168
0.944332114403484
0.888725345203127
0.162633330578919
0.213966372803609
0.46907374247835
0.22549408059793
0.320564433204197
0.96314799377839
0.502498933030053
0.656082508719614
0.0950790175925111
0.642511962313563
0.0790390404228369
0.647812081946479
0.166493055443198
0.98185077493018
0.858853055391157
0.904734686518305
0.942141689018678
0.839077312437991
0.186970814591731
0.969377265406637
0.0591414850483442
0.571293756146301
0.690856101501151
0.282765591304167
0.844556536700341
0.735695317211046
0.456334750896924
0.208265349601745
0.570920808604751
0.28344293897198
0.255655820296488
0.838458240866246
0.576656446470166
0.071452046673641
0.823822970994993
0.0450741389466266
0.620888751699138
0.857888218776777
0.349157869796856
0.283043981926506
0.614124086544169
0.603763675545548
0.611582309203322
0.364754818625363
0.489543326372508
0.774676792784994
0.122125696390342
0.350563386552682
0.290341541947334
0.0176048267679796
0.799600987482324
0.675969116699732
0.276700803212031
0.628966526236301
0.0788294527184394
0.569767585303193
0.403166869391592
0.557063999415454
0.679154670070924
0.619210597161342
0.595850062067026
0.390955333413131
0.402034501801114
0.192900605023611
0.171202833878466
0.248445108891473
0.920914799198938
0.463823927760913
0.858732837288957
0.594606238097388
0.183637606205972
0.742695397024716
0.599765329343943
0.319670721259166
0.120484449080445
0.834269972298459
0.916848941483099
0.87704210391348
0.988911555718055
0.764407603220247
0.41286817738902
0.856563529258152
0.750904966621608
0.865401769487736
0.934266915636324
0.28289153036731
0.515684177713847
0.16984962463774
0.691693758043718
0.142425330007893
0.606171787080444
0.0692592823208217
0.564647961864417
0.786471581105799
0.26416814384425
0.969883606117174
0.29165945331441
0.105937925595364
0.406585392203049
0.713299645020576
0.509578171015227
0.545810853267433
0.758996589361573
0.301570556927934
0.915961769868371
0.716689347279869
0.225599967225087
0.969950476689124
0.0778583363302671
0.666953067205064
0.995279985852059
0.528993837432874
0.0186659368858761
0.633074526972877
0.22804065795767
0.0217087460733543
0.120605924964781
0.337258984795688
0.98360638388983
0.822239531957906
0.367126883845951
0.363423414429448
0.27781241036359
0.231383705130992
0.953999665066657
0.687126183059777
0.968081431532897
0.257656577832032
0.110512943384476
0.0101767530971062
0.680588518437176
0.899943101808132
0.885013120656373
0.83329841840857
0.287235846784252
0.561453245981276
0.83368851116449
0.0266415879565871
0.176002416146386
0.0223961936046777
0.884272426015923
0.0622812787291405
0.697925515637228
0.806338135875927
0.635641323262046
0.569131661274655
0.848308718255515
0.275621231076473
0.54060271147656
0.471532426071654
0.191743661562079
0.0319764734161656
0.469676138089324
0.284515701126224
0.938614898892304
0.473702066768591
0.795788630987211
0.757746553666263
0.3498285737497
0.221128803379136
0.453843646165693
0.0169337440260046
0.456663201866337
0.886041458978147
0.437038061997862
0.353298247550827
0.790244440987228
0.690567213219549
0.703724890091032
0.026071082272331
0.136956499769567
0.981029974673209
0.352882884198223
0.844033068764243
0.119350582851461
0.0211317070556339
0.420048649000425
0.710104514326415
0.73383398030262
0.715875803690168
0.477217235492239
0.017192251112272
0.604385684824284
0.656710786105629
0.0588278034000015
0.330956091218459
0.835425085498092
0.515807871969766
0.517710991202441
0.992582991826443
0.0819434896556012
0.120638823526359
0.752062526926361
0.355401013257404
0.34847583605806
0.280603227070691
0.992247929398445
0.348785340448218
0.139454624497818
0.509620981630226
0.411695920213536
0.171676952523415
0.379885779950844
0.315637579847634
0.8858040431034
0.240686109222413
0.160605362385381
0.799647040097158
0.758788491725503
0.346118426714006
0.944170751812396
0.44041566628309
0.65485204207828
0.116753356085437
0.0129162870160484
0.598597418653859
0.976568881087784
0.835383557013333
0.701354234916005
0.212336605442671
0.265429164295239
0.769527760957337
0.0347276337358771
0.367545171207388
0.588010691920147
0.914338730143669
0.164099179688338
0.537305791414619
0.608322944956341
0.605776009675191
0.483168046197972
0.109187764223353
0.89201532842807
0.573823701163495
0.802167259835909
0.0830615630982262
0.127089114344367
0.347305462115045
0.0443056986750177
0.432226677145586
0.16102908007444
0.603548549251828
0.149261618071432
0.711045071704567
0.333524975166634
0.905746805575439
0.497524294738733
0.653772478023486
0.291550264763692
0.756685013760357
0.368052456462853
0.315394681040736
0.518696874815521
0.304233995244331
0.46354705419723
0.704810562251373
0.0532233109953273
0.393461478194338
0.972806798374462
0.314240350935834
0.156227460624771
0.956246954403687
0.518575547353123
0.732872114578386
0.8039250206896
0.134240939690031
0.64150262323293
0.437768562834041
0.319664572494305
0.739479744542056
0.801537947026001
0.0798388152732789
0.91606753964612
0.268550118405162
0.313248914863737
0.838076599344738
0.0659798759795576
0.775104645764964
0.433212537326385
0.00204244972851364
0.0890690118362359
0.779093507975691
0.471775289295564
0.0119338580971308
0.693889047453207
0.910744252532315
0.401593573700189
0.214945448554285
0.419359891549654
0.512729424457354
0.977662995834281
0.0197989671546115
0.640209877099099
0.408022086756281
0.151457058500148
0.234028548152869
0.639153378659753
0.327534711218939
0.808170998378064
0.283288771971103
0.46604520280868
0.256309451583137
0.569902321460318
0.483733972323461
0.134518395325081
0.510243462343295
0.236816747031792
0.607813458369428
0.922527851082361
0.781808755944608
0.375247736319515
0.823541935592802
0.142078880288463
0.578970326364906
0.229831306132821
0.158267281532477
0.537826052036413
0.0176071084688961
0.725164454827203
0.117988062425353
0.900705214062164
0.373528281739499
0.359037183945435
0.708467702574244
0.242362893316398
0.204359091930551
0.339073483096992
0.944586859139378
0.449955969077171
0.0915351146093285
0.316008838858768
0.0985240413737209
0.943604137345187
0.656442950308793
0.73915342580594
0.278631382267449
0.433701497658251
0.0804887573691815
0.498977126215655
0.960468893148588
0.555255186087305
0.790521309021476
0.262302747888985
0.474766498024749
0.74629068501577
0.419387102255952
0.332714604273509
0.222052220191899
0.430284562097615
0.788087899345983
0.849153190179414
0.763887113740649
0.943328316416329
0.176705301453477
0.708573084310137
0.0534490222261053
0.90755678933039
0.678479690988322
0.0298760816522065
0.990735440925138
0.779694477438798
0.315554089904482
0.731199999195407
0.731075564945825
0.14095578942544
0.640789250017854
0.852849401699797
0.618791042480541
0.538955437841123
0.266095930940897
0.215751488237558
0.883740604451917
0.527164986117496
0.804934031816254
0.841756368299367
0.866488019749292
0.885114848322425
0.724757692505532
0.583958209641796
0.525158695092104
0.154744201503157
0.915848515298674
0.652352161135486
0.0129402747383692
0.978567319634461
0.694308284371621
0.668297067647135
0.728116849910488
0.375614256678179
0.368741584847971
0.130325472501795
0.366658840626194
0.776147936970064
0.4214669108172
0.908947166873272
0.871293485044534
0.831656754076576
0.312074146035923
0.614246026658141
0.881502618285949
0.3198987571292
0.68641092574884
0.328926586723815
0.373884611198463
0.285851699875381
0.613912538486797
0.231361594195741
0.629908734236857
0.328721228534802
0.749608123006363
0.599758156642166
0.329498541243769
0.0582785747541754
0.801244095486004
0.189856061972455
0.0788215138364816
0.557016323221137
0.656570509742644
0.309626245817083
0.308735104068028
0.687407897715091
0.666769544604609
0.0377027346121844
0.572113036822329
0.0362575786920318
0.644877390925179
0.873044717863343
0.743941529573569
0.603032063883799
0.92350935833165
0.502402087420363
0.00306704664529778
0.105831936559663
0.712460949455651
0.536181766904682
0.296020682354189
0.496791366783296
0.267754206407365
0.983309981263713
0.47534202327257
0.465386210334749
0.126554836050415
0.765681402828394
0.237812075663087
0.872539288836654
0.784092308581364
0.478807568220262
0.157492947681458
0.419208606968223
0.171018258593957
0.862991388336117
0.0410845831300178
0.0327247708002057
0.478461899571718
0.15283835429813
0.233610068155752
0.593139364093975
0.65797120938869
0.898440155252959
0.793364837375551
0.685102861450196
0.531769822344792
0.811888665292481
0.229375577853645
0.0288797124447561
0.10818962539595
0.570038357306619
0.600859355824684
0.441144345279397
0.595220447785412
0.510844838892438
0.913275999877662
0.844539718794385
0.180054834516002
0.47063142465311
0.840805052543375
0.959864054874209
0.694099322716465
0.569353435542897
0.149265497618854
0.318739364561221
0.381888090510076
0.535153510250865
0.263421046964795
0.576284303549405
0.250119011806402
0.298133919379922
0.428941627612564
0.155950938826662
0.684799845138734
0.878470263677835
0.970771955088261
0.992381595262503
0.250225356478238
0.520609818952708
0.645206292417764
0.689170461427258
0.487648242058118
0.832451960198074
0.945508976051115
0.956956073233843
0.498810063282047
0.0934149682466219
0.292052912148287
0.567912945532824
0.497530545064439
0.454182112361857
0.409171005262347
0.55512105906976
0.794627649660152
0.66159041658943
0.293027620543145
0.179455780066045
0.751049542527694
0.768893315706937
0.331615130759027
0.841200342124508
0.0347101880942173
0.457304388336344
0.207899298002145
0.746384547693686
0.500930293952553
0.355232815034448
0.384846671337352
0.535717931184911
0.244734028004833
0.554128102585801
0.822251957388047
0.743065006651681
0.306730004437419
0.324392261163675
0.497035953117434
0.27390202640887
0.362330712201775
0.524304280106249
0.0703659774860929
0.0200352877834685
0.880384521650797
0.535909472935106
0.325744099226556
0.274776104604576
0.386022316592603
0.641673200115076
0.359523441236657
0.79008915090039
0.837637742730262
0.745862217753822
0.840787689873902
0.718866736971185
0.47304809073152
0.530763364802534
0.531338942014919
0.438365770009912
0.685035421469803
0.207215187231435
0.69355965334282
0.61590782864496
0.133423487148222
0.637552568225934
0.935696739269226
0.436942845924931
0.482438860198498
0.837515912225035
0.675931112917703
0.600798716186166
0.880048424982196
0.699994427038703
0.939742452167957
0.932986628715025
0.663900650966028
0.693511805730868
0.0370509950550129
0.183497533373299
0.514724111082306
0.022861683773661
0.445463738797207
0.471874275739997
0.928558667984611
0.908931433614281
0.272969064048493
0.688965714653986
0.534172818911781
0.579329379430015
0.166531545351539
0.500101482763817
0.334371688870578
0.748613745438508
0.620524989787292
0.218827079629475
0.604973000093605
0.498568209339219
0.318684436141886
0.465038959570338
0.630664841557456
0.871170011205948
0.717400601675497
0.357686094323338
0.493629351787871
0.66125693410313
0.9445049638752
0.76285943512687
0.698456397213718
0.83318982673052
0.192993433814505
0.253502810573279
0.635445096263382
0.982699044411787
0.932602808171092
0.298474733013412
0.188576590142881
0.907652797229216
0.984880975000807
0.170301697261173
0.780577656806305
0.203486822657336
0.488555484047169
0.648096478379726
0.412742047650962
0.184450798883345
0.518887203912073
0.959988576915042
0.669047463542067
0.855380771840798
0.861826759943801
0.0501389673754351
0.954588991965174
0.357080532714226
0.0899057064617689
0.0552099765658161
0.748250754468045
0.842281429520059
0.664266776329738
0.726382778675244
0.554124196801934
0.590148448391008
0.361878879446019
0.729898568161902
0.472856432914453
0.490549205211467
0.615203641810073
0.653877104242488
0.372999718821945
0.910207517255791
0.0428934647514215
0.0226546901990943
0.0724161759249468
0.253796268849308
0.105928515788301
0.876439960365839
0.674199571846146
0.779836496129655
0.427449382791964
0.386573132859432
0.0969409322385788
0.202293908356212
0.822176513592747
0.650702377786963
0.280073035679189
0.11559573921223
0.649414952316725
0.837438601561742
0.124081520602957
0.40320831474422
0.168021212688676
0.606344913466783
0.89025235679425
0.986107784020399
0.36099827194413
0.123522493010133
0.407057269814708
0.693818859045583
0.466003355444422
0.771685792263649
0.374291293652554
0.33347172805155
0.476431678213368
0.474547656609532
0.868873903648951
0.281754962303898
0.736666194951123
0.839888455174202
0.942354187441452
0.509034268969533
0.499621669468258
0.550039609035664
0.0867482964735732
0.459334798201162
0.664838488576493
0.760754601502894
0.578124884840484
0.199638394179005
0.537573815989355
0.459618110649915
0.296139834060375
0.107113844004195
0.404446935417147
0.294060241334242
0.631437426181112
0.658337228705939
0.766536179430019
0.10559694187221
0.891959777918411
0.33781869115201
0.12746011368549
0.765031353856363
0.834510771655424
0.141535879069042
0.443892013731394
0.187565902718294
0.728305443884161
0.320614039918378
0.578552002574085
0.295981534386217
0.0909462252422026
0.925988455475043
0.0631731745479045
0.831346211052246
0.774613689104134
0.344225081076905
0.798026869722495
0.922196951351208
0.644977971215998
0.0328557218658727
0.159572123487128
0.783625492949705
0.962810413424657
0.274473499987059
0.320314774952195
0.051867772221629
0.87257510663062
0.644579324223086
0.0404157068617886
0.910740427748499
0.169977925746985
0.483881395004662
0.139732868821317
0.212053222233067
0.986474265769652
0.86817286847117
0.0739368988908062
0.748297548831872
0.911080497037768
0.846581662287717
0.503858761850949
0.63067169351103
0.114853026004541
0.145612256489479
0.189249941206828
0.732793065576824
0.683299929889231
0.600094166100654
0.874071427393096
0.409748760811492
0.0804591351487866
0.0742887609592615
0.864385237223172
0.513449796984579
0.839999956271358
0.198972966047473
0.126263447226757
0.212350049230179
0.793328548369394
0.861112206322796
0.479189923397616
0.19003144766858
0.78374216091083
0.4841831292756
0.802151732917485
0.0775054810703585
0.0461905060823021
0.838734504072285
0.529230189425817
0.555789187836744
0.904648682130799
0.894832110331711
0.41733815246753
0.645092418461957
0.62770216607628
0.336491005647197
0.430851569430531
0.215026377562195
0.582246976831637
0.373244102902748
0.273538202592639
0.514203993846158
0.286391208711035
0.401986582972663
0.63811405442151
0.455428931489597
0.222076584619209
0.163898090093283
0.01580863319715
0.88635930473806
0.331147980972996
0.953840081707599
0.708656834051711
0.221991314382632
0.101466257259057
0.433583766899437
0.476797444658288
0.810111332838137
0.72589898207557
0.927263369795636
0.338122822805801
0.852335563890968
0.117299782997887
0.14290674146812
0.513752872494361
0.587993129611657
0.493022992797449
0.204863081385213
0.618481371605172
0.439640438091617
0.590178812652813
0.642150847097406
0.533237406894836
0.160959140782094
0.379822351427997
0.243792846374369
0.780667901235158
0.261498956553062
0.0389176626858627
0.314092368996686
0.34116936565477
0.949186243487962
0.976954666874283
0.689027932872084
0.657872717799709
0.0302315829380495
0.205864897436821
0.755916852489186
0.681405817481369
0.518715991996069
0.109536454424059
0.20305144119771
0.327191325314149
0.431081815175977
0.347459673556665
0.913728077183604
0.532230506492811
0.826553619376482
0.119453832206905
0.0246783450384079
0.975978110217969
0.696189685205485
0.170850610352624
0.729062223123246
0.573737965129072
0.129479870593669
0.800479756826959
0.0396026626096057
0.603402338264002
0.811659337509599
0.149076138491951
0.266212116061311
0.3282795019966
0.579098591959177
0.124111700547581
0.607434733039067
0.336809887182649
0.291376332119036
0.725155774013547
0.705271745489029
0.0567285136316984
0.152325200573283
0.664590298402161
0.118215110089258
0.715032509476263
0.11336788562362
0.261815435019307
0.731014848098377
