0.297820116531879
0.216435478275994
0.642082579325433
0.251583372190898
0.416156253575614
0.263415818089618
0.986057386918228
0.335983709280623
0.161783545655457
0.172941336426139
0.873672887730344
0.922904501174596
0.13143810948342
0.733391770596494
0.590908304153012
0.394017709266757
0.335125716137679
0.0835104254609452
0.0864417326866888
0.350529971029257
0.775452434977487
0.671060604821897
0.274625691580215
0.322120032859698
0.295165829769727
0.995096779306819
0.544579714111845
0.0797641268315354
0.78950481203836
0.749877201117742
0.331248107672618
0.328320153194927
0.530472916606935
0.550406282058404
0.952285094547415
0.73608732888937
0.749524330406595
0.938072012531497
0.582110561654714
0.99298696747402
0.75306291438009
0.0876982765980736
0.49887066136871
0.937261923457129
0.12590203279095
0.563032607144801
0.282198466407119
0.919103624752273
0.338732367331329
0.502207816063901
0.53114930558537
0.47387984778616
0.486200409635486
0.961031857711431
0.54463583577195
0.410999208543972
0.137273346287494
0.593238542601559
0.982371171300893
0.445027631512122
0.714968600668618
0.547299186468423
0.869972510847096
0.919379439648223
0.984985189794543
0.82344042116654
0.505580225823484
0.0564471940417273
0.54402363880001
0.780290085900755
0.979836986631166
0.512373950219242
0.805617771302207
0.365146654010788
0.289940615401241
0.986255481280322
0.0896549441666803
0.692538708161175
0.153592642855432
0.912751882846189
0.25083653136105
0.802300174219054
0.036504302531997
0.787965888316327
0.720478193104493
0.939678077025092
0.695197626536118
0.97747949680302
0.589100959431789
0.589183183242839
0.441880328342545
0.679407158710888
0.911517003610429
0.937925527788051
0.753319548773697
0.00916306169754422
0.0987156758229994
0.351799697548194
0.254093378154659
0.831553855945828
0.591532400149459
0.108589534372789
0.626123687817606
0.325003285463332
0.166508857228384
0.836915699975497
0.564297659779994
0.193640763426933
0.175285217696022
0.176167245352701
0.247935906755597
0.679083394411442
0.419933819660236
0.93054424371691
0.107007092928321
0.104381157191671
0.602895687741826
0.380657896665338
0.372488916927524
0.497073194225837
0.772471810975603
0.592273184544519
0.738786375861963
0.522784569572998
0.759271404682081
0.137789910257307
0.954548229023188
0.926458968334452
0.16887258799341
0.46684429599929
0.169548322228279
0.766813721063707
0.792615093276941
0.634465597345462
0.741798519912028
0.0686501687635235
0.131819082644649
0.91852926653418
0.182914844063193
0.118667595738716
0.239455461078881
0.831122777646031
0.453046795052769
0.287270912609126
0.633067019408565
0.028724683488459
0.0938382711191418
0.740034238614313
0.567397225855241
0.908098544308297
0.480456268457053
0.874249995324107
0.336652720040562
0.797499111141178
0.22546315035423
0.492429493456783
0.935631760461385
0.646130219375852
0.285605116973033
0.0842637098249664
0.455109876529713
0.8779773832231
0.0291272930046192
0.21506745971738
0.956729590176116
0.421644024015644
0.0684003285750917
0.847570746971121
0.636899039364932
0.181138269236979
0.46696067043175
0.476574679307347
0.903778901636805
0.150953207325758
0.814223258961888
0.714607122046387
0.135042186895764
0.676800022460295
0.901403157800639
0.651423176031813
0.51952372350699
0.477567005637459
0.149056721049338
0.523809348583015
0.833920704891583
0.343347851211308
0.876587349257564
0.64264834536816
0.0760655260446887
0.848262990227271
0.567967562186436
0.85996088568238
0.337780963981252
0.442149149475782
0.0100709680413106
0.241953479338183
0.971377958141333
0.118943847669264
0.728922419269631
0.449701048585252
0.645194588788409
0.377355672973222
0.69803345740676
0.333178500065877
0.573826851285085
0.0127196677487791
0.999017361738243
0.387665654706642
0.549375030019186
0.972394487589661
0.836819973799178
0.178173880702077
0.928633601221091
0.323085845216764
0.362905379090014
0.106699998816567
0.229836860108024
0.426474955428168
0.372006821851382
0.841728489360765
0.692521214105064
0.745767153097095
0.602182326632995
0.279563783457081
0.45203062344209
0.117832553240549
0.371038707415129
0.790324779211369
0.686558207989609
0.13156346948684
0.257478612808292
0.178195311648413
0.271049817358565
0.0641616841941886
0.35642075307229
0.168595759585083
0.793488256086426
0.302791664102993
0.628846495935342
0.550869977366167
0.373114120814791
0.745221258365682
0.544311059424025
0.234431704852929
0.904281133680351
0.501561121008932
0.371570207339724
0.791619374603444
0.537959150067257
0.249069164678107
0.752248941760305
0.708097470277021
0.984003935868619
0.103014533926649
0.105922635407124
0.556405744883069
0.219108234085736
0.202090614873653
0.106483633201722
0.939850104724626
0.535334052983677
0.698433579608868
0.906189697116317
0.948091861743123
0.856453734075202
0.742135904088142
0.681047838482517
0.624851864082783
0.724661021916896
0.204777078159224
0.403300180233128
0.104815618144732
0.966570103026069
0.489582445648829
0.0300544017421548
0.0564680210924535
0.273851580357181
0.661126015284822
0.236129565870255
0.776607775031913
0.537839293856467
0.638041952921177
0.729810235191012
0.165194735743146
0.781493474076186
0.134851843583079
0.767250994358275
0.131357657194746
0.765214068349352
0.308316180054812
0.969988320493551
0.659722360131511
0.381426043677099
0.78517120032812
0.823609900611956
0.9016651669348
0.807485392590721
0.93110371927189
0.735425352441968
0.726510094785246
0.82901094535714
0.642045412165054
0.376958281997732
0.734042706778636
0.789071691301772
0.705268649518028
0.784054942484347
0.150600711960964
0.650722994568409
0.499066465151737
0.441343443373287
0.641020326590812
0.773436287882532
0.229854594607464
0.944935257805737
0.0105366087965104
0.749142028816585
0.236800756498901
0.861214470385657
0.787313204888574
0.698255932967798
0.238718220606854
0.875126116605071
0.776642148586507
0.229475437469311
0.779468770024816
0.31746781635088
0.114763281950982
0.243430522990882
0.287789376157456
0.9827869515764
0.626810577470513
0.641449143104724
0.527137095423597
0.887567631099704
0.909742886914448
0.692391242917097
0.783563339007959
0.349273788012622
0.761205521516449
0.703967309982163
0.408873713670453
0.607086202130735
0.476894185197473
0.645570131563709
0.399691870681994
0.936617858483796
0.116934541640739
0.839636574268269
0.182078499523327
0.97150656245727
0.851967351189977
0.269199416956756
0.666009408616005
0.327432921248708
0.759674175385138
0.249415849598826
0.0890462108245599
0.626375415100328
0.161395277462496
0.425248033702655
0.549735010566644
0.871412111431955
0.38489782754944
0.937341255257265
0.546261448150258
0.419281111034964
0.462472282898773
0.452624427857423
0.900530700519943
0.66534680444538
0.564366965125839
0.748959087739948
0.868568864038562
0.147053193609633
0.459028296073943
0.0679240360370728
0.0605633618519583
0.823514992961974
0.122887528611786
0.185692332319254
0.715302381106856
0.00324984410463069
0.765175213622469
0.0252366443347094
0.546853610887878
0.609441102932015
0.346539727080063
0.43842685698017
0.557900893016759
0.845430915830533
0.280764859947537
0.274678908167185
0.925597106454812
0.531138479380267
0.979755408188269
0.603901928979812
0.136445772181446
0.408369466140414
0.697621026589943
0.13963413990055
0.272988194703636
0.517015820058575
0.588503786276658
0.567399780259604
0.801025442721902
0.735379732108139
0.107038698178517
0.861700933940683
0.445002303324606
0.622687500870836
0.523068778007905
0.177173169461657
0.9615847047595
0.732157804163606
0.958709248725647
0.0385840026483378
0.15734564902718
0.350859270384345
0.392345607665155
0.62925780707808
0.947815042672798
0.291228896852737
0.297648314448875
0.872325156955542
0.279486665125296
0.428270008875282
0.320270655530331
0.58947676239174
0.941325019938137
0.881409604651646
0.386634163934629
0.233768201611409
0.780735527025303
0.139110947326338
0.0230133254860535
0.990383457148525
0.977593970846285
0.0503260508284026
0.167720079934798
0.739499361018636
0.246206778918081
0.468744077528032
0.953159157870991
0.648139706600024
0.295821103734215
0.619189573997668
0.907374715302953
0.73705520479051
0.696817772449147
0.560819832806941
0.789695981135259
0.969776118282101
0.394034876871743
0.224374012963866
0.694837139189709
0.0981014376198575
0.368111104771392
0.905169640691704
0.135626745691053
0.131214047536634
0.794675516250895
0.203495004663427
0.0687605041511117
0.915602394120756
0.944172414462761
0.427110025914809
0.402170304858169
0.284815212804105
0.357323057213186
0.505742495232973
0.636114136741684
0.889931348805522
0.212855672253434
0.530555944722313
0.435206096257441
0.0581292858941131
0.60628253216524
0.809880080113844
0.778246711167168
0.696477455952871
0.80413581257311
0.0200114206917877
0.344132522212838
0.768186017619016
0.649098079446593
0.732714632185319
0.0365280050646279
0.490259731410081
0.540995201333058
0.0296590986974768
0.0573632001379321
0.625469787705438
0.155653831167298
0.148048458231488
0.401191623529158
0.196681727357316
0.900707464812457
0.772287704468381
0.317012538228226
0.43886716691821
0.937605168954677
0.24255018787489
0.895276527847498
0.891422592044813
0.80692134395494
0.547763813260611
0.254180025258864
0.753791445877896
0.372824484866694
0.865077651739479
0.818852699234774
0.482971331649878
0.075692978120383
0.677009373369075
0.827492436096858
0.709684197301606
0.275132200785888
0.675537835323572
0.059025693387993
0.601600034903461
0.263011392506926
0.628212683396463
0.149033147751942
0.0345296640553343
0.294683753478545
0.743228174017772
0.304468132879281
0.747856138127668
0.428250667217541
0.679335044327494
0.888901753929295
0.712765945207351
0.160139602877781
0.745426834042027
0.887111395122864
0.903580199101248
0.801477949270545
0.193045600710396
0.623018941819167
0.211272571754912
0.553322025555096
0.814181461076206
0.718849815949039
0.717256464562847
0.668255250256875
0.855895062195111
0.624607364277986
0.91024156296352
0.474369660943207
0.700733694316444
0.18470686474822
0.929447314188422
0.791657031455312
0.640221816660488
0.624360472050275
0.884640819011945
0.890150701262669
0.203211002674541
0.460818231559735
0.60123986825456
0.779506952934389
0.693856451747147
0.549201551180793
0.784322028417284
0.0139370821052482
0.677089671631188
0.822650291016326
0.832751983563692
0.264864407684087
0.0662905529796606
0.00984760900954229
0.432701150473155
0.153762504541156
0.0097307367593078
0.144298024059718
0.615798767942542
0.551868595568875
0.743226219684538
0.332291993461305
0.274035211377915
0.0841994159558942
0.946573821330379
0.769290086039762
0.694357568264156
0.168562271015336
0.290723848376774
0.392099566953312
0.571058286418418
0.318945470675944
0.312151372181368
0.120962771543254
0.838380788160732
0.397643350299899
0.722151809735542
0.483746127589773
0.445767564913783
0.176916620252365
0.837099794732748
0.699257180698517
0.14834314018583
0.595617733017011
0.875065996582017
0.555151335418097
0.336370497313982
0.125574530098135
0.641326377814744
0.670951831692306
0.57895120280633
0.641513347455306
0.180424970048477
0.214205110790917
0.957640133140479
0.530905286031453
0.393386466356383
0.736991101970561
0.988452632107817
0.473426411076295
0.708730566038549
0.74783282507059
0.827378030888704
0.628856655049128
0.550891828076381
0.203762822794088
0.0490546070384761
0.694003506357784
0.286210053558625
0.705283973825701
0.960467529313742
0.500602189320069
0.1899993829144
0.0740330570242106
0.566301430987528
0.414077495804441
0.109743811750649
0.702073716911731
0.311531510944817
0.881740762053008
0.175452927341141
0.827655787175321
0.270640354266082
0.8527018608742
0.769278020603421
0.863775044374776
0.917726503269539
0.397160516305502
0.238351488320208
0.301483518364468
0.185295737243893
0.949519058021958
0.284488185496594
0.0158063023277402
0.388520587967607
0.932305883212146
0.769459403804984
0.978340083534586
0.431858239480878
0.542521063772907
0.202272729743299
0.52525709213257
0.448810087697967
0.606055693566829
0.46425896496303
0.292154099289085
0.519405674024997
0.48337569907381
0.670192888655433
0.311316829833307
0.409179925645068
0.330834180777928
0.169620908441265
0.0230952926867065
0.389161379117887
0.664205936254304
0.813120472547222
0.405455311502373
0.722700864685595
0.986095232514682
0.0884878035841447
0.333065226039873
0.703103744096638
0.97920660761788
0.152666326347568
0.47776755983759
0.949918221164824
0.239902421048692
0.789991296451587
0.680163727719096
0.115319296330611
0.772226689454187
0.0312554687280916
0.923041076392646
0.540550920561867
0.523884343710278
0.131821666343402
0.726789739989037
0.28452315082584
0.827135654926293
0.825399654638568
0.667983932342799
0.241693908705002
0.10727879367997
0.914964078031877
0.625783302333328
0.0579458930313773
0.065012150346656
0.892512764944567
0.950009460776729
0.0693063555690031
0.379599542882764
0.392544743316535
0.522542596769271
0.216507331212697
0.653701701624729
0.552306393128063
0.0408668492972052
0.7064291114715
0.670569689520779
0.0643309266909627
0.563813341288065
0.456901822388797
0.00309940772504991
0.148732459333477
0.62310664087038
0.979712015765652
0.566571389614759
0.433855708068363
0.197815316058879
0.368969618714577
0.469569590502759
0.663819743588786
0.150894106305036
0.19508160599771
0.97759773588144
0.462993229406982
0.822495037816286
0.866218834790699
0.00491221156901744
0.0389526175562275
0.30785438911956
0.716195393129101
0.236589418091094
0.399438883665927
0.528814733905124
0.491497273229771
0.898258654552759
0.637442558356722
0.360865487083758
0.625600316432212
0.881050598552483
0.926402456972151
0.31203822430234
0.0141055929661699
0.217355979446533
0.877656490761133
0.857685726171606
0.123506211373053
0.763898182378476
0.098990302264133
0.0539872333075786
0.823550668329108
0.97767989032419
0.899712649829505
0.349510397410789
0.933256505956708
0.032719035099504
0.341403352760731
0.395997644639757
0.935565516913588
0.563640940468954
0.473992370418846
0.949670922681933
0.796021959482024
0.0203137048024303
0.950056763709084
0.882678752435776
0.264823123475717
0.888579976398055
0.743086992683437
0.318749482803912
0.0679900378558507
0.73042774244747
0.758911511872319
0.951833074296123
0.636999396722501
0.772589437939544
0.753005240753535
0.143584033261567
0.548994629113567
0.370468925942397
0.682898594164044
0.187336250973089
0.987160556573309
0.448111390790901
0.309385894849186
0.403161604462787
0.376427531868456
0.435604211121711
0.715209167236923
0.146550457860959
0.757510883505442
0.181625355313411
0.554504212076106
0.358604343930043
0.546236536953102
0.159134283889938
0.347866351136192
0.877055699345834
0.227374885876054
0.16397136982424
0.359846226651868
0.667246804255445
0.389417618938923
0.150829232405382
0.891288871591223
0.374552704668435
0.725196021279119
0.113936131149037
0.945590682316805
0.244383443262355
0.222933174798194
0.453981537990641
0.378363451273845
0.0941740408776196
0.773078954341682
0.121220557179808
0.969662479168277
0.747718781000912
0.35872125255138
0.145814179566413
0.273899496420552
0.345815525824332
0.575117689099285
0.833662031256442
0.440589251294183
0.813508684896593
0.444753739668928
0.67953347201347
0.203561555665595
0.180240217222111
0.0485353600955674
0.820310931496341
0.0962582123285282
0.396118869614308
0.46081934622129
0.275978865485759
0.242160871721083
0.108000014751336
0.496156232045957
0.793609428905414
0.911003332907149
0.822420239080072
0.878393879625143
0.521749948710442
0.55324914508909
0.986741322107729
0.402507424348728
0.542288436170457
0.373921870903126
0.968596221845473
0.133710063282881
0.730500173052083
0.508230586553664
0.0857136768403014
0.630397444031246
0.260644565461686
0.300933209744935
0.597739959435189
0.15308080688645
0.566946066552936
0.0737269683499799
0.0113755021764858
0.329905635850019
0.927379094140273
0.922677815557215
0.273977502858654
0.740343241290663
0.383430924603656
0.794432232167948
0.579160890892434
0.628156426719032
0.0165986899459355
0.684661138850619
0.0475752262820807
0.427538831037355
0.0926923589871549
0.98762885513498
0.146626463914221
0.814483960427321
0.388750785427776
0.736376639750207
0.644116065559241
0.266529692655547
0.765550751438564
0.147589598512404
0.656642665686764
0.041959467107343
0.608464012047087
0.858360729612537
0.777969280630003
0.815548198336076
0.468852826856822
0.889857171080484
0.618344920216311
0.895463209181671
0.235103743093393
0.763483639678887
0.611376001538933
0.712641735425787
0.0251864133557355
0.817469529908791
0.433393709964601
0.085915909933072
0.114864070286382
0.731183141859923
0.379090886578253
0.709955192314042
0.0173968713402168
0.175199656903491
0.245269735165371
0.749292713980323
0.880405987843187
0.820374024609706
0.463487189688967
0.0748711341652022
0.57708590385954
0.517298356205564
0.447438961771927
0.788610980515368
0.683405179376888
0.888343486023871
0.235080494427635
0.774280490271639
0.964382964689267
0.274440850967315
0.475257246567351
0.336191133572578
0.785072043688213
0.476479641968257
0.93075597741748
0.934556197684925
0.62924277207994
0.686489253698355
0.293820558515154
0.716808523443043
0.794679313834336
0.673093709414116
0.13783628071416
0.519704970923077
0.835293254015667
0.504646193491323
0.0244910368846581
0.569952455684305
0.413708826532521
0.871742859611521
0.0878351673165054
0.923256432033774
0.338700147078457
0.346249457200336
0.332274344995556
0.632116939606954
0.809501986670445
0.60253596470179
0.978451438822965
0.550376588343942
0.166836625077666
0.652959554977133
0.627518815735368
0.393395773299621
0.3493379143564
0.658030499730681
0.308889093386892
0.180920985711099
0.335851782420319
0.170960660483572
0.0854635075525766
0.127835149683479
0.538239918023744
0.00238228370932547
0.148980269675993
0.352043693697071
0.503190405604676
0.812016977027409
0.944239785315953
0.0385724984956948
0.581206584566593
0.773427840409735
0.413973100379384
0.105533358751076
0.149478876348235
0.454874707543295
0.513796014739358
0.0254262926251175
0.835900818698906
0.937735515259394
0.105262598323246
0.441548391744702
0.242329023269651
0.952390578085578
0.725819961651427
