-3.364629
1.325961
-1.525404
6.279336
-5.484347
2.352190
0.083381
0.597473
0.252858
-0.445251
12.643596
-9.659758
0.151599
1.737840
-1.607041
1.918154
-0.974073
-5.107284
9.963885
-8.782374
6.272420
-4.892224
11.988875
1.382157
-3.600207
2.041010
3.160012
-6.772730
-0.455135
2.919760
-14.617072
-0.859397
2.583298
0.712125
-1.393043
1.585123
1.111402
-0.976018
0.801210
1.265996
0.612734
-1.848880
-0.923913
2.866213
1.195561
-0.905860
1.250425
0.129023
0.580192
0.010650
0.455383
1.150751
-1.465913
1.687593
1.685504
-2.878633
-0.191231
1.454266
0.930142
-0.695551
0.098759
3.396962
-6.108116
10.022848
16.887025
-512.662029
522.727631
163.521822
-709.522163
7517.068008
-6606.691364
1484.665142
-1576.990625
520.967811
-119.068504
-83.137741
138.599431
-6.740618
-75.289920
38.044314
-2.839270
-0.331336
6.365473
0.282818
0.565346
3.001510
-7.497991
3.204180
1.630611
-3.998235
45.529314
-10.394085
4.595024
-5.127824
1.477292
13.462595
-6.910560
-9.319272
9.862059
-0.888756
-20.208027
11.855883
5.781770
-15.978729
103.477826
-12.921392
-151.153382
49.707420
97.001998
-58.822407
-105.272711
112.122523
56.542787
-147.502848
90.773492
231.963145
-97.907062
-598.988449
183.513850
-92.295293
-174.447934
194.141221
-47.524556
-44.139608
88.059594
0.560331
-1.337218
1.288743
1.245689
-4.502944
1.602145
-0.198449
-2.639052
5.413114
0.438879
-1.154007
0.372104
4.069662
-1.933562
0.965113
1.365653
-3.047174
1.547604
-0.530019
0.522463
0.439993
-0.425194
0.513903
0.426057
-0.030224
1.313252
-0.696508
0.601207
0.821978
-0.606237
1.441359
0.893276
-1.711851
2.771297
-1.294260
0.143274
1.248106
0.358986
-0.778831
2.292902
1.685448
-2.836917
3.862129
5.619630
-1.344482
-5.340278
9.938860
-1.868606
3.650509
-0.895343
1.053145
1.681238
-1.285368
-1.859277
1.455060
-0.032248
-1.176913
1.528848
6.079918
-1.361419
-2.381459
1.150094
1.684101
-1.558035
0.580136
3.226549
-3.399308
4.755707
5.972576
-10.478908
9.341173
2.988020
-6.843896
8.143134
18.955871
-23.494145
2.370553
45.586859
-144.536010
5.591300
76.338244
-66.482097
35.503455
-17.694817
14.811023
-1.391186
-1.424688
0.828662
0.574561
0.205670
0.300063
-1.892910
1.177344
9.368626
-14.594580
61.586278
-85.321477
23.282974
81.949660
-57.017994
-20.193031
186.779309
-193.540469
141.701445
160.000692
-102.006588
-2.278335
204.397213
-218.368788
256.398785
-737.312632
110.569095
349.728449
-91.556067
-10.265460
27.090721
-26.750694
1.642764
54.543381
-159.525343
19.795009
0.845242
-4.626665
3.151793
4.008469
-8.109480
8.744704
0.758017
-2.718376
0.587089
-0.343775
2.234289
-2.980221
1.072472
-0.724981
0.172431
0.756287
0.650905
1.142018
0.317784
0.452554
-0.525116
4.652622
-4.447513
1.998481
40.589577
-52.504561
2.686922
2.233402
-4.175517
0.992913
0.823255
-0.061710
-0.275319
2.287435
-5.583949
2.569924
10.711463
-11.089985
-2.786965
8.332590
1.267097
-1.682080
2.425268
-0.813661
14.303522
-9.692685
9.650753
0.769688
-1.653052
0.677092
1.676250
0.530395
0.265741
2.174372
-1.469125
-0.163510
1.947416
0.312418
-1.144549
2.985292
-1.596143
0.167505
1.188796
0.716384
-1.548377
0.824958
1.430133
1.061336
-0.427553
0.618793
-0.491638
1.526130
-0.720046
4.283311
1.303651
-4.268088
6.579389
-5.654702
-0.366913
2.486897
-0.921866
-0.547662
1.243379
0.921853
-3.218204
2.123239
1.081028
-0.598168
1.889186
1.284713
-2.337388
1.705539
3.842763
-4.065111
2.865200
1.598571
-0.824474
-0.296951
1.803096
-0.711802
-1.058681
3.743253
-0.765622
0.933703
-0.419844
12.288693
-0.332596
-10.467053
7.034632
0.838655
-0.491768
0.407061
0.602448
-0.301762
0.290814
0.491219
0.486416
0.540573
1.111943
0.842008
0.101302
4.950639
-9.793452
-12.299894
24.575975
-45.631816
7.637627
13.927468
-3.506372
-19.331859
26.594476
-68.138480
54.905484
30.605888
-156.280152
3.296736
7.286581
-10.489616
1.380145
-1.028948
0.310939
0.478505
-0.556963
1.626725
0.409792
-1.850564
1.111543
2.208852
-5.259435
5.573622
-0.782522
0.035361
0.903004
0.103583
-2.125716
1.957288
-1.339437
-2.819039
3.666975
0.755207
-3.816617
1.969151
0.460883
0.198857
0.066850
0.934386
6.989676
-1.560241
-0.640593
3.401463
-2.847994
-3.460188
4.689999
-2.170527
-2.341788
3.890545
3.314573
-2.539815
0.626524
4.115744
-2.975589
-0.182631
6.261296
-4.449852
-3.262733
10.690771
-11.691114
-3.046080
22.167893
-24.172065
4.397260
16.227734
-16.322148
1.616314
0.289491
0.069458
0.237158
1.531397
-1.147851
-0.123887
26.474677
-3.671915
1.074442
1.964023
0.105376
0.657501
0.237723
3.116343
1.591668
-1.621671
1.191434
-0.222326
-4.463422
5.231382
13.115660
-13.153051
-5.368488
18.802321
-11.813293
13.862580
-0.220300
-8.721837
2.890835
2.306881
-3.346607
1.917471
2.444001
-2.737635
-0.034486
2.995636
-7.835908
13.278319
-2.518062
-8.329865
12.053154
-6.817276
3.542189
6.431238
-27.785699
15.679764
1.866994
-438.730414
135.731739
190.861833
-350.889782
249.509947
59.668824
-1437.865461
596.109996
1516.848407
-2928.669471
-1134.752504
4654.581810
3059.060345
-4865.647043
785.473318
978.161590
-1153.915552
815.134775
208.639558
-8.031874
0.917627
15.078662
-3.800834
-12.893849
6.357389
4.970150
-1.117575
0.246627
0.983939
0.579487
-0.589421
0.912780
2.161895
-2.989616
1.180012
3.771072
-1.775284
-2.015719
2.206987
0.467877
0.435468
0.048845
2.154912
-1.612748
-0.475293
5.375831
-4.344910
4.166750
-1.470074
0.938006
1.509801
-0.409155
-0.723213
4.503867
1.602850
-0.226439
2.373047
1.607648
-0.248500
1.141303
1.714300
-1.441286
0.389789
1.088580
1.100674
-0.955222
19.963401
-4.428556
0.373090
4.507425
-5.265150
1.111993
-1.555681
-6.643677
11.559643
-6.915471
4.671921
-4.318356
4.037576
-0.431690
-0.211195
2.298572
-2.499841
0.542461
1.639393
-1.801065
0.030560
0.416178
-0.432528
0.855807
1.159496
-0.710249
1.248137
-0.512457
2.185712
0.915668
-1.645082
2.349713
0.226896
-0.383098
0.515605
0.876548
-0.712606
-0.344433
0.459401
0.922057
15.246569
-6.956626
-0.043150
8.216431
-15.432201
2.699097
-2.224309
1.117099
0.244934
0.586359
0.629197
-0.229770
0.328623
-0.103473
0.632774
2.405144
-1.331216
1.306552
-1.357870
4.408692
1.981198
-11.774349
19.247618
-38.899297
131.958302
-96.221553
95.296635
23.935633
-77.939302
-65.446186
214.989027
-200.084342
-99.809799
285.493953
-82.508528
31.636757
-20.208690
-18.003725
58.775381
-73.752959
-3.938795
6.715484
-8.055426
-2.204415
5.018458
2.102891
-4.518062
-2.398149
28.534214
0.738442
-0.234174
0.466320
0.673866
2.638952
-5.429921
1.777112
5.639269
-0.298630
-10.414470
7.150681
2.466294
-6.813981
10.876568
6.072944
-7.266531
12.054758
-1.671293
-6.025065
12.264230
-11.158242
3.861125
-12.258182
74.122481
-19.875182
-9.964228
33.242191
-48.179250
32.935422
0.246589
-62.567761
14.249337
59.176134
-33.076182
-3.374184
46.746358
-76.932962
-21.328837
104.016284
19.941764
-24.408862
12.717855
15.946563
-28.143416
20.605693
-1.175277
-12.986233
21.656931
-1.933078
-14.292753
13.326256
16.247986
-18.534496
13.904701
-0.082896
-1.523143
1.926272
0.878070
-6.556201
1.944608
-2.088302
0.529635
3.972376
-4.596182
1.386594
3.540203
-11.500273
8.506073
-0.564744
-4.235390
11.078356
1.433040
-2.011977
1.135702
0.585125
-0.544343
1.427648
-1.185190
1.693286
-1.108031
-0.845368
1.646858
-0.758693
1.038077
1.149146
-1.072170
0.291048
1.731948
-0.309955
-0.813059
3.031929
-10.020538
7.457609
8.135186
-8.238417
0.285961
0.674918
-0.476304
0.605552
0.992548
-1.397497
0.806029
2.418453
-3.848130
5.648578
2.931628
-9.608668
5.914604
0.742363
-0.433460
-0.063073
0.806469
0.044231
1.006453
-0.184339
0.573163
0.581430
-0.457311
0.173773
1.491659
0.665736
0.178373
-0.654724
1.395676
-0.714976
0.883669
0.600401
0.295007
-0.735719
0.957859
18.928271
-63.255791
128.485382
-118.020418
62.831193
90.387077
-113.983505
30.107492
42.917223
-75.250547
89.457070
-61.976469
6.559161
37.098176
-77.497984
52.632252
16.453508
-24.312297
-49.745550
53.742662
58.844069
-58.367297
-16.467718
27.222770
-31.472818
-97.454194
137.905456
-38.252574
-250.907895
53.823828
39.780744
-13.325928
2.186777
8.020000
-3.038381
-0.639386
3.181840
-1.684282
0.868653
1.691497
-1.962840
1.064156
5.139112
-8.446326
5.784121
9.556426
-16.163509
11.196950
-1.485736
-12.792471
4.809765
2.912843
-5.955665
9.030174
-1.007210
-4.648295
2.404636
0.542517
-0.721599
1.184444
0.296971
0.212739
0.545507
-1.681324
1.793866
0.402213
0.522997
-0.883856
0.121074
2.992558
-0.633612
-0.929983
27.082804
-4.659730
3.287498
-3.474962
1.700799
-1.102152
1.276184
-0.985005
-2.308045
1.846616
1.305124
-1.105934
1.443632
-5.371421
3.987898
2.974728
-25.211768
19.122658
-7.034898
0.197688
0.888631
-0.811860
0.215468
1.091029
-4.785838
2.218688
0.873494
-1.617085
-0.524927
1.188287
1.651010
-5.404191
-4.162270
2.553943
-0.176658
0.735474
0.057751
-0.212762
1.597385
3.305353
-0.891589
-1.559633
2.529581
-0.292443
-0.946261
8.165571
-2.218152
-3.441909
1.907890
11.534158
-4.885810
-12.543494
17.844593
11.142997
-199.077829
93.442296
105.206449
-89.330296
-31.541201
59.475539
2.234511
-3.986289
1.908200
1.322083
-0.573584
0.615470
-0.017876
1.570029
-0.717790
-1.792173
3.438439
0.264202
-3.317935
3.096119
-0.879100
1.751955
3.037436
-0.602852
0.240449
1.234925
-0.114263
-3.071586
6.815054
-1.426413
-2.698641
2.742208
1.433928
-1.295948
0.575196
0.931456
0.123216
0.626521
0.238126
-0.025282
1.490148
1.443275
0.258806
0.695292
0.035534
-0.066547
0.576360
2.604351
-2.549345
-0.954612
2.455756
-1.716219
1.586765
-1.275396
1.399916
0.627876
-1.093950
0.948462
0.508994
-0.538947
2.048560
0.574274
-2.473706
1.813569
7.702623
-9.825465
-5.591557
7.661064
1.727663
-7.320979
3.809375
-0.841634
4.641695
-3.473664
0.318859
0.305200
-0.068971
-0.086435
0.319577
0.021106
0.493014
-0.627292
0.292812
0.151314
2.494392
-4.324997
0.743463
1.017760
0.818810
0.751937
-0.600188
-0.162967
0.639630
0.480931
-8.546994
28.692494
-27.054270
79.805875
-16.025257
9.718340
1.326234
-4.631457
