2.236613
0.868137
-0.383906
1.077157
0.443297
-0.392818
1.301384
0.871961
0.303510
-0.339828
0.915353
-0.097983
0.044460
1.316004
2.707482
-1.089995
2.112881
-1.573475
4.760793
-1.959116
0.968603
7.081977
-3.748127
3.157368
-19.215961
88.793842
-21.467527
-10.945679
20.608450
-15.251986
-3.472406
35.181172
-2.369925
-0.130445
1.169128
-0.236897
1.344017
-9.965421
9.036241
12.614368
-11.669838
-6.348948
17.504465
-0.799167
-12.304567
22.099415
-12.580907
-21.138269
25.211503
-7.716883
-3.132036
8.790453
-4.674977
-3.322052
7.048563
-7.476528
7.245848
-1.753036
4.535150
-40.063727
5.057408
10.912569
-20.351399
2.773670
-0.780838
-2.118913
1.464592
-0.341934
-0.870987
1.756473
0.248721
-0.352641
-2.403855
3.539336
-0.192509
-0.945961
6.695828
-30.845956
12.294374
-4.839030
0.926515
4.354537
-3.540940
2.646619
2.764254
-2.400373
-14.915368
30.982561
-15.865408
-20.477732
14.045277
4.873858
-8.394151
9.993804
15.674920
-21.532420
0.733342
27.722873
-19.856194
2.995557
1.593399
-4.580031
0.305159
0.868096
-0.418354
-0.138875
1.159072
0.090330
2.283939
2.281733
-2.047127
2.196675
-9.884864
10.932981
-0.256438
-8.022683
6.023110
43.536017
-50.735882
5.142090
3.466338
-1.466872
-1.818159
2.729773
-1.544795
4.049500
-3.486948
4.532151
-9.298351
-4.022064
2.055649
-1.073367
0.353133
0.734722
-0.369093
-6.046143
8.207167
5.003632
-1.979096
-8.350492
6.027960
1.329940
-2.111960
1.900825
1.996185
-1.993412
0.164617
1.938835
-0.490750
-0.374989
2.031277
0.430807
0.462802
-1.112070
0.136522
2.504250
-3.670632
0.307199
2.003516
-1.641044
0.444733
0.840479
-0.788783
5.241581
-9.146333
9.214918
19.800381
-8.531633
-24.380154
427.095405
23.431518
-2980.523494
3736.809609
-9010.552875
2209.831639
3849.076896
-2372.677138
-3736.709258
7549.404417
-11130.781143
919.688643
7361.409618
-3980.788736
-2963.432613
5647.930176
-1292.293648
-4037.088881
1671.131439
126.486594
-655.634800
144.481790
377.450378
-458.024551
39.547243
276.977435
-155.396962
-239.572301
367.045670
-1.583481
-43.973368
10.776348
3.867409
-37.261384
27.004371
74.611398
-81.000640
82.199066
-7.092476
-10.027397
10.438877
-21.259425
-0.079856
4.867293
-2.314209
0.266222
1.325459
0.449360
-2.662865
1.638528
7.106353
-10.252589
15.170180
-6.984964
1.966786
0.531929
-1.408881
0.902343
0.603238
-0.874184
0.903531
-0.480827
1.160291
-0.918387
2.119959
-0.298034
-2.440093
2.409616
-0.516767
0.336250
0.471860
2.362294
-2.143959
1.493366
1.584137
-1.389112
-1.364009
4.917244
-0.516050
-11.874792
10.746664
5.107719
-6.890658
-2.835079
6.156528
0.883229
-0.133029
0.686452
0.177038
-0.663406
0.844131
-0.140041
0.795650
-0.471615
0.711223
1.150891
-0.118809
0.195833
1.213733
-4.191766
4.883320
5.065105
-6.110510
4.011522
1.972299
-3.795965
1.466318
7.665162
-3.954384
0.186631
1.631736
-0.758908
0.536245
1.155777
-0.113909
-0.563359
1.138829
1.522569
0.625812
-1.222172
0.692236
2.819853
-0.507517
0.800182
3.096310
-3.480467
0.826863
3.834656
-3.426210
-0.723468
4.293356
-2.000669
1.781978
0.643554
-1.966661
3.378098
-0.135538
0.246294
0.540167
-0.030181
1.655981
1.699083
-6.069989
9.873194
3.912026
-59.708034
25.927320
-3.903114
-22.938932
103.366796
-42.469835
-41.380568
72.380304
-62.485086
-10.286902
151.752240
-58.952625
-67.050827
107.318588
-337.649742
185.034069
279.208205
-284.670671
-68.469738
207.556341
-113.361707
15.408380
113.411548
-68.973121
-425.355262
611.910910
-786.085653
-314.237683
205.341419
-309.782254
234.922440
-97.667323
-21.039623
193.347211
-137.732337
-38.055621
131.595397
-127.127486
10.912013
135.057797
-6.443358
-5.176944
0.856786
6.415199
-10.518624
-5.394335
4.450800
5.000403
-20.002439
0.259408
4.507050
-1.558382
1.299035
2.135045
-3.192060
4.068906
-0.114463
0.723859
1.258486
0.373738
-0.453021
2.596697
-0.066065
0.917197
2.109205
-14.561335
23.219418
15.203716
-40.450583
4.581198
19.643196
-12.251777
8.476964
-4.801763
-8.794505
14.353492
7.680915
-26.055182
10.721871
-12.715669
1.929919
3.716585
-5.288724
-1.109112
4.719454
-4.745185
-2.851438
5.146087
1.720566
-3.057204
3.692611
0.409002
0.762077
0.675408
-1.222481
1.170460
0.575903
1.142279
-0.142284
0.050473
0.249642
0.721393
0.185675
0.302761
0.351254
-4.024452
6.693546
-4.236528
-0.848108
5.762981
4.062243
-3.653987
1.713295
2.211953
-1.354020
0.180972
0.947042
-3.300740
1.795967
-1.996304
-3.934914
10.363955
-6.690186
5.998639
4.236905
-10.073506
6.863863
3.358618
-7.614267
-1.771913
8.578897
-8.425149
-1.454950
4.215596
0.133441
-4.133924
2.837313
-0.518640
-0.554269
4.471393
-3.606516
-1.402390
4.231020
-2.618856
0.372764
0.692017
0.690382
0.839732
-1.934713
0.470169
0.673036
0.141588
0.406240
0.062084
0.257570
1.618974
-1.638345
0.468383
20.880626
-116.414513
-6.472638
0.970857
0.111489
1.005927
-0.116469
1.542710
1.964932
-5.207606
-2.012086
2.743745
-0.328538
0.279580
0.084394
1.554520
-1.141519
0.111715
1.117728
-0.236246
1.034827
-0.023136
-0.256775
1.143265
0.106368
-0.235406
0.964056
1.143292
-0.365739
-0.430572
1.503808
-0.819666
-0.343929
5.029672
-1.714238
1.560494
0.723591
-1.902762
-0.296151
1.302138
0.838548
-0.059465
0.853585
1.593014
4.353829
-6.425480
-0.633597
6.415490
-14.480641
-5.877798
80.363381
-66.398788
46.305357
-43.090377
68.045117
-45.208586
0.878926
-0.967516
1.536617
0.628325
-0.049160
-3.780879
1.829726
-1.472096
2.454274
-0.467075
0.565307
0.396354
-3.296335
1.027584
0.347381
1.232232
0.465715
0.678220
0.274344
-0.118432
0.121419
0.300208
1.360741
-0.004495
-0.133199
0.259415
10.556557
-3.159124
0.796991
1.195230
5.378332
-1.722170
-1.300036
0.913521
5.212886
-5.050688
0.466024
2.851227
0.725763
-1.731744
0.795302
1.509817
-3.680016
3.515977
-40.953808
37.037554
36.493442
-35.187194
-94.277974
61.919118
73.999185
-51.363584
1.059829
0.937994
-2.683434
4.242051
-0.645238
2.200949
0.022795
-0.740129
1.877314
-0.943047
1.345713
10.858313
1.186511
-21.809468
23.886308
-7.947344
-122.869797
133.436243
-80.881830
-114.535729
204.859937
511.840693
-372.286977
1631.271499
-286.081095
-480.136686
546.866832
101.686389
-2060.606355
11115.224505
-12675.349905
11987.605210
-28.971509
-15421.327715
15316.677894
-8207.590291
1376.612252
1708.034095
-2021.123664
790.984273
-676.881266
-892.185640
1480.575969
547.544084
-2526.805790
1239.362724
-65.683703
-662.278847
188.959035
34.598099
-13.275796
7.492761
8.681045
-22.380528
12.630138
9.647668
-17.904384
17.121999
1.129286
-1.821962
1.684829
-12.570059
10.180676
20.097441
-27.211204
3.642547
9.417685
-3.396257
-19.698725
12.165873
4.278081
-6.163138
3.841710
1.217663
-1.595340
0.335736
1.663295
-0.023188
-1.244222
0.655171
8.067401
-319.969408
416.317048
-7.476449
-0.108743
4.239637
-2.691467
-5.350781
7.089804
0.257428
-1.476773
0.959065
0.591412
0.150044
0.294242
0.850796
-1.968221
14.560799
-11.909822
2.571259
2.305972
-9.065291
9.117196
-14.005814
0.161444
18.499493
-2.250542
-0.666507
2.543289
-1.804447
1.063346
-0.190598
0.401208
-0.246712
0.631514
51.037126
-18.679137
29.125040
7.837643
-9.467472
-0.676299
9.903715
-2.656225
4.385370
-8.441740
1.616419
7.194527
-4.495201
0.684110
1.946805
-2.263019
1.290682
-0.830315
1.695892
0.205311
-0.081764
0.297171
0.439642
-0.610961
-0.160931
1.216639
0.458039
0.276345
-0.328652
-0.254482
0.610004
0.472958
0.636317
-0.514461
1.635395
0.289973
-0.089497
0.824959
-0.192516
0.789491
-0.540023
0.121039
1.514010
-0.623568
0.563045
0.504874
-0.506278
0.993376
0.378349
0.651493
0.522131
-0.302565
1.534961
-1.682272
0.478363
0.887707
0.495384
0.577312
-0.105178
0.318437
0.436301
0.402423
1.529106
0.653729
-0.489490
-0.183147
0.639380
1.147370
-0.286548
-0.913082
0.982840
-0.090037
-0.962681
2.020935
6.250943
-4.480463
-6.979511
11.978484
0.070524
0.569026
0.667173
-0.967931
0.741839
1.251575
-0.985293
1.713182
-0.791015
0.999593
0.607740
-0.087282
1.890671
-0.709548
1.123783
-0.007145
0.629153
4.212868
-1.498458
0.921711
0.110142
-0.254193
0.462959
4.629909
-4.468358
2.823156
-1.461701
-1.476684
3.040917
4.299166
-2.263758
-25.374973
15.390804
9.637379
-0.624689
-8.640286
2.974027
4.182022
-42.164946
7.571100
2.357472
-12.977110
9.996268
0.769142
-2.532904
3.121645
0.127137
-1.754334
2.267670
0.954495
-0.377915
0.841367
1.277021
1.026429
-1.639744
-1.301298
4.240264
5.022290
-19.807546
14.065547
37.974950
-24.868340
-27.052270
23.066714
15.753425
-152.471877
90.307192
229.439667
-209.777944
-45.080336
127.524235
-119.144298
-267.735441
108.038205
152.998361
-294.707917
-5.474042
13.034540
-6.993116
26.897612
-20.548393
22.796644
19.513612
-145.939854
28.856089
22.264493
-243.893066
39.114787
12.016245
-126.933538
93.387740
-23.288962
-36.420510
33.060338
108.528149
-447.821569
181.333357
42.571999
-201.584183
237.648919
26.409246
-48.211957
55.516397
3.477763
0.034934
-0.887202
1.594032
1.352923
0.915252
-0.323553
-0.312459
0.929519
-0.775551
0.548874
1.631363
0.621769
-1.931226
0.823204
-0.044369
-1.837822
0.972782
1.170639
1.093981
-0.663982
1.793841
-1.300494
-1.436610
2.447463
-1.548638
1.610893
0.391022
-0.590870
1.746923
0.499720
0.118337
0.636117
0.536214
-0.509661
1.155444
0.492042
-0.098465
0.317297
0.335326
1.179444
0.149966
-0.314921
1.520435
-2.021383
6.834367
-1.102701
-6.988307
2.900144
3.280630
-9.734337
3.441191
5.034591
-1.551525
-2.292891
1.223821
2.018733
-2.496223
0.904258
0.020850
0.130868
0.513060
0.307970
0.625176
-0.659872
0.679821
0.272783
-0.503249
0.693509
0.815747
0.363453
0.877199
-0.006907
0.015359
0.546320
0.453792
0.055565
0.603430
0.182617
0.348570
1.291124
0.234437
-0.707658
0.160894
1.748429
-1.105757
-1.220865
5.341972
-2.799683
-4.211263
10.942939
-2.651121
-0.130575
1.196585
-0.712775
1.005427
1.084087
-1.287749
-8.001584
16.473538
-1.005332
-47.970847
44.941830
-12.190367
13.329549
0.975155
-0.476896
0.300079
0.879548
-0.138536
0.163427
0.043090
1.166624
-10.793751
8.508778
4.120824
-9.293892
4.651280
-0.782881
-3.828982
4.551096
0.924521
-5.632089
6.855462
-1.700610
-3.778399
3.134893
6.056203
-3.848843
-0.688038
8.169806
-0.428092
-1.226606
4.273623
-1.881254
-1.067078
1.831327
0.119570
0.069561
-0.098855
1.619329
-0.372844
1.311816
0.194437
-0.475713
0.964967
0.959712
-0.232875
-0.838647
1.871030
0.370290
-1.117209
0.645197
12.686296
-1.824249
-4.744314
14.060226
-11.415054
4.763643
5.182210
-0.954188
1.000487
1.114082
-0.079877
0.417987
-0.093121
1.200618
0.108467
0.026671
1.805018
0.666342
0.106617
0.830880
1.061933
-0.024183
0.177906
0.404268
1.080690
-0.684491
-0.583616
1.133547
-1.703887
-0.789587
2.130525
1.190071
-1.583584
1.020319
2.577659
-7.014347
8.650925
8.525073
-7.993833
-1.950864
13.698562
-3.341357
10.894394
-0.900714
1.490679
-0.672377
-0.386216
0.590986
0.460995
0.403760
-0.797523
1.770842
1.997692
-3.521446
1.261228
5.321935
-2.788123
-0.652456
7.580194
-12.241551
2.154489
-1.248997
0.004319
4.106166
-2.554669
0.439126
25.712061
-20.354857
-11.340424
25.696588
-2.571509
-3.762554
6.303995
-3.308221
0.205133
3.419733
-2.101600
3.987149
0.027277
-1.276927
2.005462
-1.572150
1.527023
1.567054
-4.901419
-1.826048
3.753541
-2.194423
-0.148677
3.127270
-1.516847
-0.761430
1.172973
0.665836
0.198410
-7.180651
3.899535
1.750550
-12.147427
15.509250
0.236885
-9.991878
45.904462
-42.880287
-39.503539
32.910820
-8.063488
-2.442558
7.547433
-0.781118
-6.354832
6.720780
-3.700296
-0.673277
1.971942
0.393526
-0.302122
0.163872
0.655519
-2.787584
2.986183
0.224734
0.198322
0.311256
0.538606
-0.188249
0.718382
-0.415783
0.889644
0.377822
0.542299
-0.059432
0.526649
0.295508
0.028773
0.104843
0.126742
2.088966
-1.328119
0.014504
1.465723
0.089825
-1.426251
1.616219
0.815275
-0.654440
-0.233278
17.203923
-56.991371
-1.959097
10.626451
-22.987441
24.689101
-18.933082
13.847105
15.523659
-24.124499
90.933678
-111.077423
-36.420696
348.439677
-49.354526
37.418012
86.814414
-67.178520
36.187192
-6.967293
-11.300985
19.947326
8.327796
-30.291030
-12.220828
22.335136
-26.649360
14.273942
-31.137792
2.216348
4.200363
-2.951974
-1.476069
2.870845
1.667508
-4.339390
-0.578773
2.956887
-3.651344
0.872036
3.586124
-6.290807
4.647734
5.337841
-7.822875
4.241506
1.384695
-4.535097
8.813023
-1.256157
-21.433906
11.142075
26.675572
-3.569325
1.087367
2.525993
-4.241737
33.163328
-0.212693
-7.207311
8.714346
-8.708829
6.742464
0.823573
-1.017781
1.188438
0.659741
-0.545220
3.458564
-0.806646
1.007687
1.253288
0.102858
0.308633
0.729038
-0.015931
0.801003
0.402597
-0.219280
0.136505
0.941128
4.410647
-181.118831
140.079806
-14.443315
0.881134
8.333527
-8.245793
2.719930
-1.399243
0.535516
1.739288
-1.000787
1.180433
-1.247079
1.853937
0.702813
-1.378600
2.082628
-0.287115
-0.930998
2.004728
-0.467341
-0.223233
2.938263
0.274594
1.786015
-0.506833
-1.716232
1.151920
1.017780
-0.238025
-0.442021
0.671765
-0.094334
0.259284
1.039153
-0.716306
1.183092
0.397405
0.761220
0.534862
-0.778559
1.283496
-0.473066
-0.422985
1.974114
-0.574385
1.214373
0.815350
-1.038403
0.058343
8.445776
-0.262949
-4.809470
4.619819
0.840468
-2.680524
1.393163
-0.479649
3.620352
0.522952
-3.104233
1.345588
3.447586
-5.088651
2.282399
4.090469
-0.245427
1.031759
0.002701
0.403358
0.632096
0.241115
0.048120
2.893609
-0.096289
1.101668
-1.087097
1.039647
0.497125
-4.936412
6.940779
4.346197
-3.547945
-2.501594
1.770198
-2.410729
2.742098
0.260006
-1.306850
1.728473
-0.221059
0.027491
0.836020
4.651354
-7.548374
10.053311
5.191239
-10.949382
4.678575
1.572858
-1.170823
-0.525556
1.558258
-1.196344
0.842805
-0.122624
-0.288330
1.483603
-1.800127
0.890821
1.404164
-1.360595
2.014938
-1.029224
-0.087414
3.358178
0.043212
1.050425
-1.098895
1.804892
2.615963
-7.700066
6.292093
-1.496229
-0.023183
8.408193
-5.628429
5.190035
0.096457
0.044464
-0.060929
1.215512
-1.319650
5.208010
-4.780880
19.811147
-10.875977
12.963034
-14.174945
-11.153436
8.335393
-0.085544
-1.772205
3.073178
1.008607
-0.629099
-2.517743
11.080163
-3.188820
-2.988410
4.516419
-1.084658
-0.355243
1.384238
-0.477271
1.511831
-0.609730
-1.816019
2.349745
-0.136247
-2.055423
2.298950
-1.483522
0.275565
1.817334
-1.658026
1.927443
0.709818
-0.236495
0.140616
0.578280
-0.299176
0.715573
1.332446
-0.472922
0.275642
0.219242
1.245045
-0.289681
-0.580149
1.735564
-0.677204
1.538070
1.084442
-0.279028
-1.464666
3.599692
0.351343
-1.830585
2.737375
-0.387596
-0.428698
3.762435
-2.673214
0.851412
-0.119160
-0.091078
0.894340
0.611194
-1.030195
0.745965
1.725345
-0.749161
1.757142
-0.042711
-0.331667
2.165198
-0.954762
-0.397276
1.206668
0.591955
0.974421
5.367886
-7.417476
-0.748740
7.266311
-1.757327
-4.192391
6.998151
-6.672362
0.205668
0.161403
-0.219174
0.422698
10.101207
-0.290200
-1.808479
2.520773
-0.611403
-0.402937
1.246514
-0.491628
0.052436
1.137374
-1.884086
6.171303
2.200849
-6.913969
9.195580
-4.030964
-3.650167
5.919223
2.340870
-9.486663
14.459489
2.973122
-14.746602
7.843176
16.335569
-20.719404
12.020944
3.537023
-3.772115
22.879986
0.515707
-8.650763
10.825492
-0.090022
-2.303221
6.384575
-5.045508
13.860210
-6.364939
-17.160411
16.851240
18.017222
-16.832861
23.489280
2.929488
-46.441812
32.132511
21.285439
-17.192843
1.128752
2.090772
-8.888700
8.735222
0.887479
-5.303221
5.143611
2.222291
-4.934428
3.386276
-0.788427
-2.509915
1.312972
0.880962
-1.776376
0.607129
2.107010
-0.140003
0.402712
8.089153
-0.795733
-1.354690
3.989895
-3.430989
3.068884
1.410535
-7.320262
-1.764526
3.257851
-0.171584
2.547837
-1.158016
-2.754105
10.602984
-15.264563
11.468995
22.921293
-624.683473
4070.208294
-884.917113
-3321.665304
2845.848598
385.664971
-1035.749104
125.561867
-4.968274
-139.921185
91.068830
-41.166753
68.541120
0.851539
-5.288064
2.979419
0.214741
0.075070
0.797767
0.170519
1.130333
0.320163
0.281897
-0.296759
0.494998
0.740441
0.987817
0.228699
-0.158635
1.015955
2.070763
-0.375967
0.849990
0.005216
-0.076284
0.519850
-0.156436
0.670975
0.601109
-1.461479
1.637665
-0.472112
-0.150902
0.547915
1.438176
-3.323450
1.839561
0.728675
0.485690
0.128854
1.860088
-1.344304
1.024311
0.943321
-0.925495
-0.167984
2.205684
-1.201273
7.135338
-13.447112
-2.389315
13.796506
1.488221
-3.581823
0.336439
1.399089
0.524719
-2.671630
4.513685
-0.373739
-0.239685
2.218267
-2.376503
0.313486
0.694550
0.338394
0.421455
1.174041
-0.702816
0.361012
1.504951
-3.151705
2.065328
1.397764
-1.634384
-0.711071
4.594460
-3.792726
-0.337927
1.809605
-0.827580
-2.641571
4.749545
-0.885920
-2.727699
30.993925
0.270606
0.399184
1.909701
1.249992
-1.743842
2.068872
-0.514087
-1.700396
1.139753
1.389126
-0.669288
2.959506
0.405184
-0.408494
1.980413
-2.311105
0.432631
5.662622
-5.290086
-15.175003
22.783303
-11.313146
83.973069
-41.197594
5.816644
59.101362
-75.508198
-141.561172
179.898908
142.270570
-68.351554
9.639680
0.462775
0.125629
0.120228
0.565340
0.543609
-0.579393
-0.186403
2.966174
-1.784889
2.012883
0.141880
-0.185583
0.642961
3.534226
-1.678559
-1.207165
5.017786
-13.435904
8.573399
157.480857
-213.664099
93.186328
-14.740690
1.056632
2.542980
-7.205169
-9.043548
15.662446
-9.711280
0.251711
8.496984
-19.117210
14.738569
-1.533400
2.524351
1.549991
-1.862383
0.736790
-0.259682
0.418203
0.362804
0.877304
-2.119652
5.833640
-6.437499
174.753122
-179.218493
22.960060
307.499514
-83.819878
-57.913803
148.407881
55.165926
-183.558608
148.821321
-52.513142
39.763394
0.117634
0.197591
0.762203
1.749751
-3.607855
1.690057
-0.061000
-0.248947
0.210975
3.575017
-2.777967
2.608595
2.128364
-1.117172
-3.329928
3.477817
-133.494501
221.166082
-146.856926
-54.415189
153.511172
-162.180303
-108.450643
260.872220
-23.100263
-2.863219
6.220576
-2.374836
-4.704326
5.902432
-3.167002
-3.416838
6.101487
2.970989
-6.347899
1.442417
-0.815183
0.160346
0.539643
0.193771
-0.126825
0.770766
-0.273081
0.098923
0.565122
0.274753
-0.635661
-0.401900
0.581857
0.937572
-4.141291
4.958355
-4.596039
-2.850620
5.001387
0.303504
1.327281
-0.837196
-0.899578
4.860659
-3.425160
0.616008
1.812644
-1.423052
0.246102
3.386231
-0.337667
0.043792
2.076745
-1.100468
-0.510441
1.209961
0.560631
-0.407602
3.021436
-1.476831
2.416302
-0.122350
1.780701
-1.594044
-0.001926
2.090939
0.155143
-1.417203
1.748228
-0.125733
0.235329
0.292901
1.310423
-0.936897
0.269825
0.853645
0.719793
-0.509041
0.515793
0.567428
-0.660323
2.567511
-0.963892
-2.430698
6.802154
-6.011035
0.170633
2.280015
-3.388993
-0.068920
2.214616
0.400449
1.719816
-1.167771
2.335674
-1.916055
-1.040091
6.897770
-1.617794
1.011436
0.468378
0.326863
-0.360802
0.494433
1.231416
0.576234
0.720551
-0.157934
0.057832
1.001159
0.100081
-0.360206
0.901383
2.037747
-2.084159
2.515568
0.036370
-0.108399
0.860599
-4.617428
5.320714
-2.011755
1.969861
-0.635706
2.201479
0.682497
-2.633977
1.853829
0.587946
-3.269426
-0.477200
4.113840
1.156426
12.323948
-1.480588
-11.249617
12.374799
-5.031605
-7.715778
9.685557
-8.891585
21.522170
-7.597587
-1.740529
7.960596
-2.902142
-2.206464
3.313606
-0.130972
-1.096672
2.031892
0.675917
-1.702287
1.832986
21.595280
-18.934826
16.070729
-12.733095
-6.739633
16.353755
-8.162225
-0.062313
3.299157
-0.320278
-0.594898
1.212676
-0.339809
0.514274
0.001309
-0.068604
1.066310
-0.176087
-0.007414
3.091390
-0.804734
0.527184
0.814892
0.227432
-0.640915
4.724756
-2.905598
-6.592163
9.713758
-6.443531
0.397341
5.048742
-1.391496
-0.099294
1.105462
1.143894
-1.093465
-0.225586
0.968078
-0.437127
0.824179
-0.628304
-0.962436
1.204043
1.302723
-0.574500
-2.763906
4.779445
-4.513924
-6.238891
32.622387
-35.139050
1.596470
-0.456428
0.072113
0.948625
1.871402
-0.501471
0.888926
0.234561
-0.911347
3.337659
0.759480
-2.927736
4.719269
-1.542895
-8.992055
226.981811
-140.314266
25.822064
-12.703804
4.366756
-4.603146
36.214796
0.878246
-19.112585
12.945486
-16.677509
1.867861
4.611274
-2.641361
0.538749
3.609402
-2.278727
0.426936
5.211843
-4.918507
5.847933
-6.373650
-6.313739
2.513092
9.441233
-2.338302
0.718703
0.235561
-1.023098
1.354523
0.257873
-0.925827
3.104871
2.852890
-3.336956
-0.313310
4.927999
-0.390596
-12.607357
3.179889
1.247876
-2.260890
0.973352
1.060688
0.421910
-0.316117
1.323210
-2.010086
1.971024
-0.008691
1.178669
4.643515
-0.645225
-9.973502
21.957777
-12.284518
-6.685109
17.248959
-5.260041
-3.389216
4.650378
-0.634587
-2.283888
4.005795
1.948555
-7.625864
3.981045
-2.261553
-0.083574
1.610160
1.184091
-1.642185
0.277495
2.469669
-0.053781
-0.435823
0.435634
0.809102
-1.144627
0.696286
3.496964
-3.901095
-0.008781
3.511510
0.460488
-1.777050
1.547608
-1.185764
1.046185
0.547184
0.482928
-0.376501
1.676308
0.219506
-0.541985
0.257024
4.969425
-0.429029
-7.366911
3.706583
4.893652
-1.352690
-4.748914
5.291518
-6.311089
2.880570
0.102584
0.312652
0.265813
0.983549
-0.239389
0.856766
-0.427830
0.529072
1.121254
2.303303
0.542774
-2.668052
0.678899
0.439869
-0.808506
0.566267
0.225876
-0.247651
0.607330
0.623898
-0.337478
-15.148927
4.578008
17.281890
-16.879381
12.618803
-0.711884
-1.761259
2.450021
0.255111
-0.445285
1.007502
1.264537
1.012237
0.210524
0.353258
0.527516
0.251454
0.560818
1.152492
-1.100621
0.623609
2.407409
0.204888
-1.290692
4.083010
0.327327
-2.745746
8.283225
0.070706
-3.025731
1.152349
1.267930
-3.511121
1.071802
11.571044
-1.895681
-2.217411
178.423208
-23.431428
-64.317541
1841.500427
-1120.062979
212.387932
1461.366960
-542.885908
14.889496
330.641540
-19.558903
24.128958
-17.964023
1.127087
5.883518
-1.447424
-0.905282
51.234392
-40.528657
48.980671
-172.189833
64.955257
-19.326728
-42.383997
6.967893
118.470686
-80.578561
-28.074360
46.924077
-56.429547
3.466712
-0.508828
-16.079823
38.212239
-8.120382
-27.407936
28.965923
12.317469
-9.399760
2.196525
2.122602
-4.064356
0.104675
3.585486
0.279240
3.024606
-3.516096
0.174270
1.204295
0.733655
-0.388886
-0.282212
6.405777
-2.990827
-9.250130
12.740194
3.304927
-26.826864
-0.906725
7.305128
-0.923946
-4.392478
8.180643
-1.385327
-3.400154
20.232804
-19.841964
-22.192079
7.899428
9.421624
-21.496675
7.806893
13.569061
-7.361843
12.005345
-5.494164
-4.632350
9.328222
2.688765
-3.283953
1.957464
5.028194
-2.094880
0.690269
-1.114555
2.763605
2.221500
-1.387688
2.937716
-2.905382
1.655167
2.787967
-1.837689
-0.737434
5.215493
-1.506887
0.281742
0.248315
0.128377
1.495004
-0.136262
5.146400
-0.976055
0.400348
1.489709
1.074544
-1.350113
0.252970
0.304726
-0.568320
0.328889
0.503278
0.397975
-0.521677
0.495044
0.749478
-0.858816
0.440179
2.634267
0.627112
-2.274436
1.902054
1.756100
-7.999629
2.177196
6.715767
-4.216530
-7.469304
7.224361
2.113764
-3.531646
6.185647
-5.670555
1.615241
0.238189
0.332280
3.300282
-3.589618
5.273399
-9.273307
4.598879
-0.585355
0.877657
1.299024
-2.681963
3.202983
4.382454
-6.107943
0.908237
0.666900
-0.340207
1.080389
0.177814
-0.409439
0.320055
-0.359172
0.508520
1.062965
-1.496146
1.917587
0.987136
0.530388
0.202272
0.082781
0.723315
0.136827
-0.111549
1.053555
-0.008860
0.366454
1.154974
-0.617768
1.823377
-2.149020
0.188345
2.438098
-1.084816
-2.500267
3.169507
-4.336126
2.343630
0.125730
0.241151
0.169764
-1.332603
1.360192
1.607290
-2.077066
3.345014
3.917611
-3.104557
-1.842144
8.660339
2.178331
-0.878256
0.018837
0.223464
0.459709
-1.361989
2.619706
-1.338517
-1.038923
2.233994
-0.787725
0.125284
0.755197
-2.164952
3.491020
-1.144094
-0.417002
3.348476
0.284332
-3.787112
3.299076
2.506726
-3.066958
1.421419
2.596306
-8.888246
2.567274
3.926288
-0.932038
-0.332507
4.055291
-2.473737
0.715799
2.534013
0.450155
0.270236
0.265837
0.766663
0.446654
0.431051
-0.449307
0.484485
0.465488
0.091579
3.743259
-0.993588
-2.945309
29.800421
-5.464693
-33.338224
12.968325
69.251223
-72.128998
-0.495605
10.729829
-8.928174
-2.939263
6.171715
7.056461
-10.153695
-6.231921
8.568357
1.514322
-5.322754
5.339429
0.994714
-12.788360
2.648491
0.963184
-5.243569
0.547948
9.508551
0.228857
-0.295601
0.654543
0.552138
0.287679
0.203694
0.270900
1.283806
-0.324566
0.783694
-3.312112
1.183426
2.202077
0.524325
-1.961291
0.602561
1.995031
-0.667712
1.070442
0.374240
0.588691
-0.195863
0.467810
0.271188
0.507557
0.011725
0.716269
-1.482732
1.253217
1.194230
-1.260994
3.013135
-1.555485
-1.035279
1.065442
1.015920
-0.912733
1.058318
0.303411
-0.157281
0.710060
-2.857159
3.270018
2.390032
-3.572573
8.222471
-4.571132
4.705535
-4.200041
-7.653199
21.279205
-16.643712
10.703319
-1.158692
-0.749172
4.818976
-7.840340
2.951936
-0.889406
0.141571
2.190590
-0.046393
1.217025
0.435576
0.323746
-1.995055
34.961829
-58.951073
208.327365
23.816727
-390.397622
30.403173
-6.575720
-0.204582
1.226059
0.892776
-0.270747
1.028712
1.210181
0.083922
-0.482864
0.468612
2.946304
0.456910
0.577114
0.078601
-2.200136
2.203057
0.913326
-3.754571
2.377367
-0.762737
0.798847
0.708425
-1.345966
2.509677
0.865489
-4.383067
17.515810
10.533933
-24.099245
5.679660
-0.486883
0.869439
0.940434
-0.939855
-0.405072
1.471786
-0.531225
-0.743489
0.758490
2.446347
-0.558219
-1.270431
3.162359
-1.751900
-6.477967
4.300385
-3.218517
-1.103955
1.547483
-0.057167
-0.926424
1.563822
-0.730379
0.858595
0.900669
-0.121651
0.312780
0.722749
-0.952714
0.679725
0.717252
0.169139
0.766270
0.578046
-0.519249
0.725035
-0.096256
0.243068
1.431725
-0.737144
0.015355
0.915044
-0.645645
-0.019619
0.756842
0.192152
-0.022107
1.375589
-0.689946
0.610893
0.518081
0.099176
-0.306891
1.054274
1.890396
-0.355082
0.586747
4.861362
-20.539083
7.211847
2.868199
-10.517302
6.176587
1.495577
-12.058179
-4.330941
28.508957
1.292287
-14.866206
29.641276
7.903030
-28.389617
-4.530845
10.374862
-10.459701
-3.220537
17.380051
-11.867824
8.644213
-2.440354
2.670331
1.459298
0.040205
-0.152025
1.000744
-0.524317
2.335448
-2.731389
0.812722
0.698348
-1.146382
1.217397
-2.315033
0.925602
3.386864
-2.351347
0.669501
16.121782
-4.695097
-0.659958
2.202766
-2.106397
0.736583
2.512663
-0.691033
-1.382606
7.138154
-12.498338
0.939597
3.123773
-2.272532
0.965675
1.700017
-0.326830
-0.411320
0.741281
-0.243087
0.899472
-0.924836
2.877616
-0.833883
-0.501234
6.415926
-16.940442
-6.934187
37.117333
-215.573796
165.516236
5.320709
-62.800044
10.967144
-14.473784
4.363727
15.707506
-17.222887
10.448884
11.282077
-12.064324
12.784606
5.086362
-3.558304
-2.316947
6.304229
0.126582
0.589713
-0.883344
0.967714
0.733834
-1.719470
2.386982
1.994277
-6.587776
12.114756
-3.385705
-9.274196
3.582632
1.814747
-1.414371
0.868752
0.638511
-0.223656
1.628765
-1.306832
2.254585
-1.658049
0.751003
3.896488
-2.028278
-0.496061
8.795846
-6.563266
1.876897
2.141078
-1.180004
-0.350698
3.062241
-0.587088
-3.019310
8.064294
-1.933791
-2.264647
2.665316
-0.195742
0.169262
-0.639232
1.164146
0.909918
-1.380842
-0.127684
1.105583
0.061410
1.938244
-1.725089
0.933783
0.455315
-1.002447
1.671037
12.170420
-8.049506
2.762604
1.005295
-1.173293
-0.950079
2.000927
-0.674680
-1.766608
3.285174
-0.338556
-1.379675
2.854835
-1.000145
3.055736
-4.104522
13.922200
-7.789229
4.986252
0.478531
0.178825
-0.894711
1.753426
-6.558960
3.575765
-1.557148
1.477303
-0.228530
-1.636346
2.045269
1.941446
-13.368292
25.374684
6.247068
-6.796094
0.172646
6.062110
-2.729948
1.004577
-0.359976
0.678088
0.248645
-1.089816
2.338378
0.648374
-0.264259
0.785138
0.241445
0.046347
0.008323
0.104096
0.936235
-0.384708
1.063358
1.327795
-0.818734
0.675372
-0.054955
0.299416
0.637089
0.399280
0.284078
1.096014
1.964132
-0.725978
1.961987
-2.044414
1.114811
1.292948
-0.782708
-1.475135
2.506893
-0.527589
0.318845
0.190492
-0.022032
0.899585
0.385726
-0.677245
1.674577
0.429155
-0.080245
0.538892
0.382250
-0.061366
0.211802
0.693856
0.261492
0.701528
0.006802
0.187609
0.961753
1.295522
0.614037
-0.039628
-0.987529
1.468779
0.866459
-0.865970
0.635256
0.655736
-1.220028
1.692915
-0.355130
0.283423
0.133913
0.674898
0.508638
-0.333476
0.401195
0.228604
5.178645
0.569557
-0.994115
1.203919
2.303285
-8.067910
-0.301740
6.069005
-0.777182
-3.725135
4.532815
-0.344635
-2.170468
2.098359
1.308218
-1.075338
1.333986
0.200949
5.132199
-1.100851
-2.949477
2.652192
-0.048226
0.372279
0.263798
0.586099
-0.239023
-0.367180
1.398686
0.051035
-0.211196
1.328729
-1.882113
0.554428
1.642480
-0.020757
0.767591
-0.238239
0.834170
-0.223643
-0.533014
1.910223
-0.053981
-0.776648
1.445646
1.684938
-0.647987
-0.113062
0.458171
2.736174
0.514003
-1.126957
0.925767
-0.643164
0.025167
1.680880
0.122228
-0.618429
1.015892
0.844701
-3.011634
4.620024
-0.851024
-1.868282
3.879896
-0.968774
-2.860755
6.549660
-11.527305
8.115229
5.775408
-14.142862
6.577612
0.749068
1.218862
0.276996
-3.207196
3.352410
0.658404
-0.580387
1.201173
-0.518036
3.239956
-2.616507
1.114767
1.822396
-2.091557
-0.110048
1.405257
-0.917644
-0.936193
3.044360
-8.423109
8.067639
-3.783046
-19.071519
17.237735
-7.871493
0.488362
0.774068
0.579189
-0.291190
0.320208
1.631300
-1.395520
0.293997
2.635374
-1.115145
1.409397
-1.866474
0.260143
0.559688
0.200247
-0.129893
1.298859
-0.578364
0.086535
0.398540
0.669210
-0.212130
0.870823
-0.240013
1.116716
0.892044
-2.588973
2.436366
-1.500458
-7.271500
3.306263
8.900985
-4.717555
-1.236916
3.971729
-1.571460
-1.611320
4.077120
-2.297597
2.377318
0.612319
-4.545993
8.150587
2.155046
-1.124543
-0.311309
1.810828
0.385339
-0.637967
2.807602
-1.373744
-12.065033
8.267860
-12.387556
2.679081
-1.241754
0.020004
0.900452
0.260090
-0.113961
2.893876
3.013329
-7.005899
0.756507
4.935537
-0.954914
-7.151446
7.419287
-3.441739
3.959123
-1.322631
-1.792478
2.487147
2.347480
-8.551024
0.019123
2.061318
-2.282407
2.562188
2.241761
-1.416274
-1.804216
1.919958
0.945415
-0.070703
0.537269
-0.340941
1.252041
-0.395294
-0.646028
4.992566
-4.664920
-4.092471
2.849919
-3.604818
1.807631
0.278437
0.046138
-0.228725
1.062185
0.856892
-0.031342
0.218655
2.025156
-0.493352
-0.831076
2.355691
-1.588264
1.169899
4.701330
-4.927404
2.212909
13.989636
-0.502533
-123.224917
50.469280
50.578813
-11.627210
-19.210637
39.633629
1.048755
-4.133563
1.459815
4.437481
-2.711647
-2.235650
5.900817
-8.296967
16.023229
-6.006012
2.696943
9.153945
-2.200433
-4.737483
7.623485
-13.998505
7.827615
6.447618
-4.394721
-2.008347
4.118693
-0.069296
0.990068
0.233227
1.565495
-0.745443
1.972728
2.906714
-0.390997
1.773264
-2.841206
14.516820
-7.893303
-43.094747
19.897394
28.669521
-81.091967
44.555146
-3.498135
-42.622070
25.782226
6.001461
-154.245706
134.986884
-259.745367
113.294725
66.771321
-31.948195
1.673411
3.813923
-0.668461
-0.516118
1.234452
0.816417
-0.278369
3.101890
-1.139372
-1.716388
2.617151
0.797567
-0.574152
0.468439
0.247698
0.837103
-0.127588
-0.177179
1.881677
-0.183362
0.590328
0.621048
-0.397697
1.321188
1.106258
-1.339837
2.309720
1.117492
-1.701861
3.161843
-32.134702
39.186869
-37.912648
32.224530
-32.580936
-12.935757
8.590988
3.662205
-3.660184
1.437507
-0.132564
-2.263430
1.735114
16.547526
-2.876127
-15.450885
11.595024
9.725813
-16.240909
10.064123
-1.331616
3.051386
3.911770
-6.040054
76.284818
-11.742786
-3.278003
34.901924
0.855698
-16.901906
8.131800
-5.872642
3.487972
1.659160
-3.084310
-0.157075
1.535748
-0.337995
-0.470749
0.937534
-0.193521
0.057708
0.835916
-1.504318
0.161185
2.673503
3.168951
-4.063086
4.751364
-2.306003
-0.819548
1.721340
1.045869
0.470320
-1.128631
1.569564
-2.391463
3.952034
-3.263477
-0.009241
3.132740
-0.873156
0.835901
4.590547
-1.087686
-1.299844
2.712074
0.260668
-3.231336
2.747494
-1.032970
-1.576101
1.862070
-1.067706
-0.014905
1.037177
-0.449664
0.912336
0.782181
0.647284
-0.375936
0.582204
-0.120943
0.888469
0.058746
0.134714
1.052796
-1.280120
0.862869
1.284126
-0.287212
1.114102
0.113337
-0.891067
6.773541
0.675012
-1.773070
2.538280
-2.675438
2.754777
3.541374
-2.139986
-0.220289
2.296510
-0.697114
1.037448
1.134760
-0.515360
1.232249
-0.827577
1.291850
-2.009639
-0.559237
1.147111
-0.650962
0.807821
0.245965
0.204978
-0.095512
-0.000474
0.961834
-0.084985
0.764885
2.173325
-0.001063
-1.093596
0.225711
11.534212
-52.773269
2.373469
24.510493
-2.107151
-16.230743
3.645577
-0.786467
-2.605043
4.026899
-3.630188
0.360350
4.656298
-2.426357
-1.023138
2.620621
1.541503
-4.463096
-0.687824
2.373239
1.410486
-0.426057
-0.926740
1.980709
3.919964
-4.114940
0.689826
0.125099
-3.932622
5.164076
10.150271
-4.101977
-7.138612
5.158652
-0.033398
-11.345258
10.832909
-0.026759
-3.621122
9.438453
-2.729251
0.930652
0.257560
-0.514423
1.211920
0.823722
-1.517741
1.515228
-1.964199
0.951710
0.921759
1.309061
-3.471783
-0.317194
3.682055
-0.380789
-0.133596
0.776298
0.623059
1.248674
0.861662
-0.207393
0.802286
-0.525244
1.412062
0.020114
-0.419646
0.462467
2.317877
0.157181
-1.962469
1.745147
1.063357
0.126107
-1.010111
6.072824
-1.512267
-4.076829
16.973787
-9.606920
0.516840
13.650838
-0.912645
-4.516401
21.633271
-13.547368
-13.230385
17.264249
-1.031158
-10.729661
5.465311
-1.998998
1.876220
-0.716474
0.863399
0.423849
1.273019
-1.572740
1.599541
0.455704
-2.507116
0.774318
1.113451
-2.079090
6.212504
-1.384647
-3.945561
3.226347
-1.527862
-9.769206
6.704736
1.171672
-9.537309
11.298507
5.212411
-4.727071
6.287080
1.640968
-8.458197
2.899889
1.849030
0.713882
-0.994826
0.819830
0.894047
-0.177469
-0.090146
0.434371
0.939221
0.010405
0.424490
-0.031114
0.010873
0.511027
0.360797
2.680013
-0.448637
-2.486172
3.312407
0.282598
0.202127
0.587847
0.094700
2.609764
-0.139560
0.171188
0.754408
-0.454591
0.098874
1.374608
-0.212334
-0.105332
0.997441
2.901024
-5.009272
2.160416
1.975883
-1.866333
-0.159326
0.379860
0.270474
0.000609
-0.205144
0.135836
1.319446
0.443957
-0.865234
2.856643
-1.914007
0.598789
1.076342
-2.407647
1.416465
-0.319255
0.311349
0.841673
-0.847435
0.532342
0.513236
0.060838
1.502846
-0.304278
0.965506
-0.171025
-1.604328
0.944552
-3.360438
16.392989
-10.445504
3.318045
-0.242703
-2.708231
2.991144
0.732804
-1.474105
7.670829
-6.949091
-17.784771
6.067219
3.083809
-14.419948
-1.435633
2.983520
-3.743687
1.788437
-0.540785
-0.373372
0.981548
-1.116230
1.780179
0.394606
-5.008899
6.062924
-4.077747
-0.181034
4.591054
-0.943041
-2.164588
0.948542
0.544617
-1.410029
1.359062
0.293498
-0.907051
1.576699
0.099936
0.063561
0.820590
-0.161728
0.957757
0.368694
0.117451
2.409820
-1.498904
122.636715
-32.437944
-113.548645
235.826124
159.105865
-140.761464
-35.989425
149.942304
19.295031
-41.382674
38.459188
9.608257
-10.351944
10.319041
-9.876328
0.911408
1.926508
-2.505448
-1.629836
3.264523
1.312884
-2.680114
4.047757
-0.070074
-0.843102
3.070036
2.456208
-2.076476
-0.609600
4.710884
-8.273516
-6.530055
8.731962
10.177267
-19.761459
37.181311
-18.865280
3.778580
16.474957
-37.985570
35.050907
-10.421287
-10.629353
41.458485
-56.081740
-35.968024
44.438833
4.967739
-45.261310
17.450189
-4.562532
-4.464303
2.605941
2.839005
-11.147392
9.558023
4.344552
-98.389777
35.220665
-2.171021
1.925205
0.080249
-0.336982
0.759175
-0.194706
-0.195655
1.255645
-1.103989
1.533857
-0.291220
0.468582
1.736039
-0.622803
1.159106
0.312464
-1.027120
1.514958
3.721126
-2.015705
1.566656
1.299808
-4.423239
0.148180
4.487250
-3.168003
0.135708
3.007774
0.067498
0.990466
1.386943
-0.883104
-0.876132
2.380934
-1.035649
5.455991
-5.265344
-1.473381
7.568256
-8.388462
2.036724
0.414459
7.890726
-5.998308
7.828739
0.867337
-19.815451
4.393243
23.732747
-15.838548
-8.163166
53.372012
-25.248397
-0.039036
9.499124
-6.154386
4.115897
-1.201794
2.172707
0.671924
6.246232
-3.434681
-1.215470
1.954479
-0.685712
0.171885
2.610642
2.933928
-2.328770
3.211452
-7.310676
-2.087586
6.191330
0.985191
-4.015846
2.928790
-0.092014
-1.871377
1.981035
-10.009250
3.392170
2.709184
-2.232472
0.818999
1.286819
-0.924474
0.186704
3.898563
-6.383611
3.029528
2.135502
-2.189733
1.714007
2.024481
-3.382859
6.674143
-5.541399
-1.051139
1.838280
0.499892
-1.554255
1.036317
-0.261370
1.395274
-1.933038
-3.853264
5.439276
-8.367454
1.663737
22.581662
-24.341078
100.935744
-42.140505
-78.291183
193.326131
-126.783333
-24.944874
55.309332
-11.932719
0.413359
20.802327
-1.476416
3.707404
-5.284849
6.404332
-5.009310
-3.269414
3.585606
1.196862
-1.607242
3.986480
-0.986335
-1.589258
4.162761
1.197721
-4.986956
1.168070
1.124455
-1.087231
2.190261
0.723080
-0.851042
-0.049490
2.133997
0.365589
0.338706
0.408913
0.770905
3.260069
-3.880953
1.822642
-1.943480
0.147624
3.073697
-0.637978
-2.101834
3.256687
-0.472026
-0.131486
1.593556
0.284876
-0.811405
1.074224
1.783128
-0.076176
1.218911
-1.794870
0.926807
2.739710
0.303420
-0.543251
0.628359
-0.550440
0.714240
0.242296
2.371160
-4.063769
-0.679190
2.774874
-2.891432
1.176382
2.967774
-1.709529
-0.600536
7.696697
4.610202
-5.216165
2.337562
6.277212
-2.359786
-2.628636
3.299229
1.021349
0.073536
0.131909
0.387914
1.176473
-0.431839
0.713963
1.097766
-0.986793
1.423993
1.029014
0.402116
-0.553887
0.555521
0.714738
0.769509
-0.877020
3.986460
0.837360
-0.618969
-0.177592
2.155640
-1.492774
2.620098
-1.285558
-0.476160
1.553791
0.555750
-0.915091
1.355933
-0.815266
-0.459469
0.906720
9.049647
-5.046894
0.819974
3.371287
-2.205651
-0.163837
17.577938
-13.924135
-10.243051
18.819027
-0.656803
-31.539870
46.791332
-11.795783
-25.188406
20.643484
-29.492905
19.965893
11.874861
-8.874029
4.444783
7.023138
-3.251123
0.838592
3.586184
-5.775258
2.666524
25.874122
-11.850868
3.136381
1.705344
-1.289221
0.714652
1.638101
-8.210328
17.128417
0.309597
-1.627548
2.347925
-0.040354
-2.921889
8.374130
-7.226731
0.819110
2.380285
-1.379349
2.418075
-1.994161
1.167020
1.153663
1.583102
0.964539
-1.932988
1.492423
0.117846
-0.146851
2.612845
0.251588
-8.538180
19.794668
-39.812577
80.773161
-198.254751
132.312229
94.965286
-84.395384
-11.888330
51.652320
-51.833800
9.743833
27.701313
-75.170799
37.817611
7.143111
-27.721936
-1.662659
1.170667
0.601280
-0.820204
-0.038265
0.767972
-0.005474
-0.879480
3.972645
-0.375049
-1.166493
0.936735
0.947292
0.161142
-0.550095
0.739389
0.254504
0.692729
-0.505585
1.003082
0.073663
2.399061
3.185852
-0.040673
-0.007997
0.413573
1.177899
0.425301
-3.106331
6.670813
2.185477
0.223743
0.162112
-0.064390
1.302532
-2.040733
-0.111681
1.556879
-0.057927
1.562493
-0.718157
1.600759
-1.819645
1.745986
1.121437
-3.635891
1.196887
2.117366
-1.695636
-0.426016
1.136775
0.211881
0.648835
-0.717766
0.461351
2.114482
-11.674854
18.694653
-17.925289
13.525585
50.430268
-50.893525
36.552710
-25.006172
-69.948186
70.622993
-31.348267
20.273506
-7.446088
0.386163
0.601338
-0.225347
1.449006
0.214906
0.719127
-0.243269
-0.440442
1.935385
0.153036
-0.010788
0.442324
0.841297
0.288587
0.623771
-0.051606
2.646673
-3.271065
8.050336
1.574220
-5.420697
3.190792
-1.290004
-1.162090
0.876113
0.638420
0.600494
-1.252488
1.657219
-4.074193
3.020111
1.898777
-3.228854
-1.253038
7.689846
0.033383
-0.122924
1.959339
-2.297111
-0.250630
3.276539
-3.622373
4.733298
-0.907028
-0.196535
0.995913
0.238666
-0.340737
0.786174
0.277651
-0.220215
0.312876
1.937541
-0.328021
2.258329
-2.658806
4.727702
-1.508509
-6.129420
4.318022
-0.546251
-0.052000
1.651953
-2.423829
-0.285349
3.510259
-0.130537
0.381898
1.080079
-4.122223
4.414406
1.144222
-0.743996
0.789402
0.716120
0.731304
-1.192157
1.744874
-0.871734
-0.183143
2.782432
1.725825
-2.854483
0.547864
1.649323
-1.729781
0.679081
0.183839
-0.569805
1.629851
-0.816064
-4.526640
4.565350
4.718406
-6.144284
6.489088
1.848808
-1.589367
1.145497
1.313502
-0.053877
-2.439545
1.912063
-6.497450
0.391086
0.143311
-1.537344
5.697707
0.418772
-2.497276
6.462704
0.280462
-9.960769
9.156013
1.186017
0.170350
0.741370
-1.396168
3.265539
-1.740386
2.847897
-0.161399
-7.092261
5.866213
47.858301
-9.189690
6.458608
-1.082967
-8.286256
2.194636
8.113693
-29.641670
-4.298503
7.347826
8.520963
-17.448126
10.107256
-2.721363
-8.592304
5.843900
-0.278385
-0.019943
0.955965
1.552447
0.089047
0.557404
2.093356
-1.056214
0.600107
1.706943
0.452821
-0.020534
0.766266
0.692113
0.456926
2.205752
-2.016161
-0.959737
1.977261
1.048758
-1.033708
-2.988462
2.665325
0.822585
-1.040267
-1.184770
1.455831
-0.137341
-0.154761
1.320762
2.969819
-12.484158
0.642416
6.217136
-2.585440
0.534381
2.551961
-0.932751
-4.103683
6.531775
2.887980
-15.943210
1.487909
19.372011
-25.553071
-8.954647
16.346412
-5.438909
1.816801
1.186377
-2.157341
2.912063
-0.410307
-5.880276
5.155946
-0.050398
-2.142540
0.673071
8.731074
-1.687327
0.918649
0.821281
0.272712
-0.374484
0.669602
1.115505
-0.303986
1.667680
-1.877812
-3.817282
6.840799
-1.249665
-0.967254
0.884023
-0.025895
0.751593
-0.156307
0.318127
0.410132
-0.044054
0.443948
-1.365363
3.197216
-2.597276
1.730833
-0.070318
-3.480031
4.417059
-1.264377
0.575793
0.860816
1.454150
-0.713439
-5.042853
3.371839
-0.306274
-0.663152
1.240898
-0.510919
1.396360
-0.233372
0.267288
0.514481
0.556734
-0.235484
2.515032
-0.850652
-1.672761
2.489815
0.755331
-5.072557
3.842334
4.156518
-5.101950
0.588116
0.788483
-0.542976
0.889250
1.580874
-1.257677
0.118824
0.315598
0.169871
0.335133
0.137948
0.338579
-2.515777
1.059311
-0.427644
0.837258
0.389420
0.152371
1.234117
0.567340
0.216257
0.271152
0.351113
2.037142
2.939812
-8.818088
17.587492
-13.060248
-32.445395
36.582476
-107.826446
36.768730
145.891890
-14.882874
-11.601834
14.211433
-2.314361
2.336882
0.334706
-0.377710
0.912487
2.096006
-0.410043
-0.078609
0.855530
-0.081100
-0.140281
0.762844
1.115294
-0.612640
1.870150
-0.235802
0.931194
-0.951728
1.679368
1.272107
-0.997341
7.563192
1.135231
-0.182191
1.840651
0.819225
-0.592427
0.934353
5.858712
-8.823522
-3.622556
6.078423
-2.250838
2.800183
3.555903
-3.538825
10.654599
-7.333913
-11.240534
31.606772
-40.239771
36.054887
14.737931
-38.305192
38.947798
-11.880094
-3.553498
3.722483
5.618384
-8.320950
7.998085
-7.359436
-21.869866
9.183069
19.171386
-142.994563
42.539094
109.321958
-16.090192
3.831000
-42.394619
71.705766
-13.195975
46.336461
-52.524923
20.214620
112.427597
-71.032438
-9.724824
57.816390
-47.738752
3.543039
53.750707
-81.980198
19.319378
133.048389
-21.279123
-9.750485
14.145087
-12.526389
-6.271520
8.533544
-10.420920
10.513406
-11.590433
-4.478628
13.534551
-0.406653
0.760701
0.424440
-1.436371
1.720602
-7.709930
22.087915
-55.133447
22.630389
-25.703597
7.273859
6.775124
-6.629562
0.066602
5.156321
0.573565
-2.852824
1.196008
4.125974
-5.376549
12.683009
-12.172170
-20.702919
73.461753
118.875743
-24.673951
4.582606
4.691411
-5.348562
-0.198758
0.766357
0.746001
-0.880619
2.205308
0.183032
0.083918
1.994433
0.245546
-0.145856
1.531201
-1.014537
1.696006
-0.904577
-2.323585
2.821136
-0.741898
0.666736
-0.017369
0.965855
-0.206650
-0.516555
1.600101
-0.794067
-0.363857
1.546504
0.205404
-1.135571
1.008728
1.375479
-2.681859
5.756009
-1.110288
-3.532687
3.345120
2.837783
-3.929830
4.327324
-0.975052
-0.451484
2.284769
1.013431
-1.295122
3.381183
0.291557
0.786614
1.069196
-2.833119
3.933790
-0.273095
0.012027
0.087668
2.295584
-0.058025
-2.598688
1.896952
3.592477
-7.174826
9.113549
-6.691536
6.012785
-0.251802
-1.720872
1.215766
-1.479998
-0.992325
2.576537
0.803789
-6.849878
6.571795
-0.417061
0.904294
1.027687
-0.290887
2.292263
-0.146549
0.340116
0.585484
0.397453
0.512118
-1.630907
3.867757
-1.635766
1.460639
0.031320
0.482291
-0.119658
1.055683
1.190214
-15.846081
12.148656
-1.722072
-4.957645
2.590034
0.843268
-2.023107
7.486666
-14.478369
-10.654646
36.487373
-12.625403
-20.400214
14.053353
6.787159
-5.345276
-1.227761
5.209376
-10.532689
-0.067412
5.024174
-3.065379
1.492201
4.190851
-1.977377
-0.200845
1.149245
-0.287117
0.051067
0.236486
0.568703
0.263401
0.396766
1.757497
-2.354481
1.065667
1.168054
-0.859979
-0.766779
12.826058
-146.708484
80.372395
-46.476959
26.499835
37.383911
-87.623221
84.493682
20.642836
-111.233511
31.848382
46.763392
-45.722424
45.485081
4.938670
-13.659196
18.545263
-13.225312
25.830691
-92.100935
45.118723
73.637059
-41.363536
8.443716
18.442017
-36.746663
37.446259
4.781527
-42.484931
46.705474
-133.411487
14.658478
93.702821
-14.626373
-686.875777
223.401872
-85.628172
81.316551
-600.672254
2993.609911
-6707.680909
7248.176852
1578.904202
-5707.493571
1111.346747
920.102147
-1031.245126
-7.623902
15.131277
-3.140036
-5.817586
7.777564
-6.942264
3.755159
9.207274
-6.190072
-0.203656
4.421629
-5.958190
5.162372
1.418186
-0.615510
0.880274
0.689666
-0.246658
0.368999
0.204146
2.107301
0.440396
-3.283175
4.362037
0.848962
0.330023
-0.431281
1.509684
-1.304128
-0.195349
3.540254
-1.789462
-3.216475
3.233114
-4.962682
-2.772643
8.705310
-0.429879
-1.560269
1.673929
-1.483311
0.276579
1.387093
0.314687
-1.233773
1.098583
1.420875
-0.976057
2.714008
-1.447237
1.750576
-0.822787
0.227015
2.593180
-0.443575
0.761804
0.589932
1.036786
-0.361060
0.355145
0.710341
-0.631092
0.407538
1.794171
0.718167
-0.528590
3.593876
0.148955
-0.055496
0.279631
-0.105188
0.104163
0.721661
-0.659475
0.831211
1.129513
-0.054979
-0.018924
0.101402
0.138729
3.796490
-0.996448
0.016644
1.370830
0.763469
-6.262594
2.259845
4.870373
-5.983648
1.654078
3.842851
-2.102638
-1.671750
12.631643
-17.938971
-11.747254
36.279774
-182.638833
182.015253
-10.066372
-24.251304
16.771162
9.729334
-29.213037
13.534408
0.563971
-0.953174
1.960995
0.863306
0.579154
0.322232
-2.207216
1.980676
-0.310967
0.516865
0.902779
0.912851
-0.270441
1.342089
1.296884
0.435839
-0.907302
0.866993
0.711465
-0.380699
1.045533
0.779692
0.537844
-7.750578
1.947081
0.577627
-1.216285
1.576119
1.437672
0.017649
0.020384
0.380891
0.209595
0.678521
0.166961
-2.685560
5.341122
9.544597
-6.663437
-27.044431
32.717138
-23.648405
-10.049841
42.582323
-21.499499
6.735244
20.825869
-23.965030
0.535248
12.541831
-5.767329
-34.619100
14.882538
-7.408093
7.548820
-8.503844
0.530039
5.344161
-3.570410
-3.479608
14.018110
-5.354913
0.081324
1.473598
-0.064908
0.401095
0.716699
-4.011229
8.235512
-11.260453
1.141593
10.996208
-5.956030
4.906333
0.443819
-5.224425
5.128130
1.163489
-1.726147
1.540110
-1.275247
-8.513786
2.914006
3.067572
-0.801227
1.250537
1.292203
-1.605425
0.281132
1.351736
-0.014237
2.696555
0.259744
-1.107568
2.305543
-1.970531
-0.636308
2.751001
-6.118771
1.911861
8.007531
-4.168275
-0.383527
0.493860
1.275470
-0.713863
0.240024
2.711372
-2.549664
0.994775
-0.091390
0.458821
-0.028555
0.266441
0.868154
-1.568887
3.938217
-0.615386
-0.181811
1.898675
0.765108
-1.108114
0.723320
-1.037762
1.426801
0.651357
-0.469249
1.967055
-1.101111
0.585363
9.781910
-9.185196
4.573293
0.998980
0.198243
0.603285
0.319017
-1.143266
0.651778
1.092064
-1.342497
-0.239618
2.194378
1.507810
-0.782045
2.179794
0.460609
-2.444725
2.320058
0.447140
-2.328143
2.093506
-1.164651
1.986755
1.369453
-5.947393
2.767149
2.158880
-0.536222
-0.306251
1.005667
4.926618
-4.074595
-2.746731
14.177304
1.281123
-0.765192
0.817199
1.485128
-9.112530
10.923299
-10.628132
-6.275044
19.670207
5.192385
-17.642657
0.488960
43.292833
-15.163031
2.396204
-6.596132
4.279286
-2.347358
-3.543926
6.816027
8.896683
-9.499872
-1.140411
12.674273
-6.795670
-3.932369
11.630325
-4.305436
-4.090918
5.531322
-1.849293
-18.840858
62.668521
-23.871013
-93.639297
58.416398
-16.861459
-38.814006
44.322046
12.661728
-15.007001
1.876698
1.166163
-0.891316
1.666587
-7.364020
20.238829
1.736543
-12.588787
3.344592
2.425193
-4.453904
3.558667
1.820407
-1.956794
0.238141
1.514517
1.543028
-0.882885
-1.386674
7.107101
-4.108725
1.971075
2.287861
1.613370
-3.859168
1.657257
0.107362
0.701416
0.763635
-0.940376
1.576582
-0.594176
-3.090991
1.109546
2.989448
-0.399303
-0.103105
1.163179
-0.389483
-0.199575
0.780968
0.162700
-0.652164
2.030943
-4.004583
3.517791
4.604119
-5.715247
4.148164
10.340518
-6.718396
-2.975411
3.763477
-0.543887
-0.657878
3.675125
0.836784
-0.623529
0.176282
0.179920
0.545940
-3.201503
3.779583
1.125283
-1.545532
1.138549
-0.116101
0.016249
0.768019
0.972980
-0.170027
-3.251436
3.496079
-0.105547
1.721844
0.181085
-1.155891
1.604181
-5.220749
6.439668
0.399519
-1.031232
1.757583
0.856378
-2.717061
2.685543
0.333184
-0.389219
0.352183
0.608675
0.409243
-0.201032
1.212097
0.469391
1.303537
-0.184500
-0.206969
1.691558
1.214935
2.765096
-3.060310
3.260382
-2.193891
-0.695234
3.982294
0.890053
-3.651248
6.572302
1.278008
-2.615076
2.875926
-3.136687
0.580969
3.631173
-2.806437
-5.401546
9.071618
-4.329199
2.364269
0.976460
-0.160648
-0.654987
0.645375
-0.388034
0.209854
3.438579
-1.166912
0.891263
2.412899
-2.100141
-9.739226
11.030486
1.408646
-1.640576
0.623055
0.458924
0.538909
-0.063412
0.809883
0.000239
2.081744
-1.854106
1.924884
1.515046
-3.947883
4.359438
-18.001175
39.442482
-0.487031
-18.876527
11.248571
-4.680717
1.099597
2.016447
-1.594914
-0.391819
4.363359
-7.439396
1.912378
0.188886
-0.375945
0.982733
0.535441
-0.318698
-0.014091
1.122613
-8.664287
8.297356
-0.248252
-2.773115
4.746931
-12.480380
6.755541
8.716828
-1.376365
-0.142013
1.570141
0.038355
-0.329404
1.689616
0.611341
0.030260
-0.063248
7.048555
1.185903
-1.766510
2.450203
-1.572756
-1.226299
3.121917
-2.303985
0.861287
-0.424219
-0.145822
1.174259
0.095682
-0.468447
1.136187
-1.338551
4.991460
-4.839793
-3.000619
8.158369
1.315336
-1.792454
0.380555
3.564008
0.106848
-0.455621
0.220669
0.897595
-0.743483
11.298481
-2.328632
-3.992888
5.290525
-0.326989
0.087144
0.034718
0.193868
0.151684
2.398788
-3.322839
1.284289
4.145451
-4.897281
4.788539
0.539247
-0.483358
2.396777
-0.425144
-2.180668
6.927345
-7.350782
2.378394
0.890073
-2.359115
12.998399
-0.655174
-2.521976
5.405927
-0.112901
0.581157
-0.268683
0.530506
2.070582
-3.928641
3.951911
-3.042958
-2.160255
10.546021
-11.442779
4.807106
1.065619
-0.071417
0.431888
-0.010307
0.207271
0.369698
-0.111301
5.269128
-6.991124
8.058082
-2.412070
6.926445
-0.887333
-3.270112
3.517965
1.745399
-0.176015
0.742091
2.906850
-1.008257
-1.474487
2.232292
0.682194
-1.887163
2.195439
-0.615106
1.001518
0.030992
-0.112152
1.266789
0.475244
0.584927
1.099626
0.138809
5.913646
-3.741519
2.117987
-1.303951
-0.508212
1.704677
0.810950
-1.693301
1.607592
1.066534
-2.211150
2.076994
2.362441
-1.117800
-0.286265
2.266220
-1.714527
-3.070540
2.471319
0.854053
-3.800401
1.484786
-0.209714
-0.290843
0.834350
0.392864
-0.351781
6.270191
-12.004236
9.808422
-4.566174
3.215323
2.314269
-7.827668
7.708258
-3.152864
4.704260
-0.908225
-1.227129
2.428760
1.068142
-1.005455
0.421906
2.377337
0.009881
1.703349
-0.481688
0.455573
0.620061
0.842807
-0.145147
0.590594
0.102419
0.665506
0.535604
-0.240635
-0.626178
1.008856
0.248627
0.230621
0.466092
0.524782
2.169431
-3.655965
5.389240
-2.936365
-4.269169
3.383825
-0.480458
-0.211915
1.581825
-1.046558
-0.759580
23.628460
2.425934
-14.507962
8.215420
-1.181934
0.115892
13.574265
-4.412031
2.187491
-0.342998
-0.191337
1.359461
0.064783
-0.767153
1.698383
-3.069035
3.299291
-2.091233
3.653685
-1.656610
0.564427
0.866033
0.385305
-0.113358
0.171278
0.706362
-0.778485
1.123680
-1.340762
1.617766
0.728443
0.205851
1.059635
-0.438334
1.026084
-0.397398
-1.340733
5.300544
-3.291566
-5.664354
17.534607
-41.870108
22.692499
-1.061634
-12.697071
17.185674
-19.927460
-11.495021
30.521510
-6.475141
3.917908
3.198821
-6.237800
2.123640
9.814407
-47.053675
42.398604
48.615276
-10.266740
-26.191962
38.937145
1.609007
-12.419150
3.138950
-7.595254
-3.870301
7.430924
-2.144725
0.255034
2.695345
-0.589122
-4.736676
4.998413
-5.429289
-4.880276
14.928319
-10.675897
-1.297724
4.547192
2.978749
-9.142673
10.542646
23.233068
-11.184020
-5.565025
6.742127
0.409102
-1.143149
0.746302
-0.149057
0.441137
-0.207123
1.002046
-0.158233
0.792287
0.004098
0.572567
-0.220243
0.462629
1.629861
-2.574997
-0.478857
6.522799
-2.343671
1.797366
4.312714
-3.123454
1.029576
1.480458
-1.184588
-1.409919
2.936015
-2.537192
-2.694794
2.099784
2.221468
-2.483990
1.640869
2.902200
-4.532381
2.667757
0.177995
-2.380331
1.620908
9.793328
-2.311518
-9.324273
6.407464
64.993850
-24.915340
27.309619
5.797666
-11.999228
5.269532
-8.613531
3.510337
0.415895
-1.421761
2.685293
-0.488489
-0.323842
1.670333
-0.596645
0.881092
0.158837
0.287215
0.147735
0.234298
0.186657
1.081906
-0.870352
1.859115
-2.143484
-1.059847
3.398678
2.918750
-3.470421
2.833222
0.967937
-3.129572
1.017677
1.092312
-0.243232
0.578993
1.200990
-1.108463
5.657570
-0.583854
-3.880113
3.397327
0.149726
-2.017534
1.482023
2.071347
-3.177386
-2.667236
7.240088
-7.499159
3.034928
4.659549
-35.103007
40.958207
-43.337794
3.694248
1.047822
-3.706728
15.762535
-56.122973
-8.055677
39.807518
3.428430
-16.187526
37.970386
-20.281776
-11.282127
21.817692
25.757405
-26.199002
11.369331
0.812059
-8.344017
0.642140
1.526946
-0.074417
-0.256488
0.344980
1.647951
2.187447
-2.564947
-0.194618
1.714601
0.271430
-0.293553
0.555614
0.329605
0.654103
-0.960688
0.616043
1.339467
0.062622
-1.876130
1.816823
0.106396
0.329385
0.248048
-0.153558
2.261483
-2.387476
3.202521
-3.516668
2.088645
0.140242
-1.517163
1.701842
-0.742805
1.029577
1.920702
-16.947932
-3.959474
6.947800
1.683800
-7.887596
3.786394
1.298678
-5.355890
6.377138
-7.097324
10.726550
-10.475034
-5.645219
13.748940
6.458199
-36.713520
28.353171
26.298273
-45.054530
34.001111
21.025862
-101.799066
81.469050
17.634495
-111.234478
166.443186
-313.554275
153.903088
-298.413785
23.169050
9.601628
-128.725377
85.340050
-27.522346
-18.534040
31.645620
-6.255318
-0.267646
2.940972
-4.670806
-1.096517
4.418409
-3.428417
-5.694077
4.096039
2.236711
-0.181859
0.385804
7.602853
-16.698034
17.099421
-7.271079
-20.139883
11.835945
0.588055
-11.183457
11.173512
19.596545
-13.719414
-12.878879
27.502569
-17.708778
3.791693
12.938588
-13.197373
44.509125
-20.767962
-5.731818
4.557374
4.523513
-3.262052
-0.662033
7.126428
-8.090145
1.930912
2.738715
-2.969013
1.393803
3.610029
-1.038556
1.705676
-0.598631
-0.121987
1.955113
0.802059
-2.857020
1.319875
-1.186986
0.921464
0.191693
-1.933637
1.191695
1.565598
-1.192299
0.462825
2.164739
-1.747290
1.019622
2.116364
-3.658770
6.664477
-0.592874
-0.287000
1.864426
0.896525
-1.139029
4.832661
-4.902436
-4.182140
6.031194
0.241487
-0.534911
0.670295
1.360371
1.059159
-0.204231
0.069549
0.545983
0.793462
-1.072243
1.227575
-0.609836
0.395583
1.066391
-4.009207
3.850043
-1.668994
1.381224
0.111619
0.609587
-0.294314
0.575441
0.510107
-0.536384
0.093715
0.386418
-0.151193
1.003671
36.820964
-31.572584
-9.977994
81.753830
-13.888928
-49.533879
236.693476
-830.837720
129.889277
864.951920
-220.189364
-183.607707
297.894431
-275.258116
98.957559
54.596202
-104.782552
-3.375744
129.279992
-119.822513
71.908333
11.683256
-103.448850
91.114208
9.017678
-66.869572
41.575871
-103.443366
67.842772
-5.024774
0.064956
0.813327
0.834449
0.036181
0.640842
-2.367056
3.161387
0.701073
-4.538099
2.203920
4.385412
-3.171434
-0.608318
1.478214
2.657895
-64.156573
32.656920
26.021935
-17.338286
-8.529383
8.572956
-5.480199
2.749619
3.185784
-2.846542
3.122486
4.242820
-13.581727
9.382552
-6.645128
5.254303
0.375867
-1.122862
4.703991
1.552693
-0.981423
-0.451295
1.286294
1.133962
-1.285670
2.035041
0.970812
0.000671
-0.106582
0.422549
0.681815
-0.730642
1.843981
-1.812104
0.123250
2.547671
-1.551038
0.488145
1.620670
-0.765883
1.325806
0.555353
-0.305920
0.906818
0.613623
-0.109275
-0.381043
1.816153
-4.061345
4.907805
-0.462951
-14.116997
29.046743
-22.058424
-8.600648
44.505185
-18.586991
10.901939
-4.037658
-14.808929
38.584605
-143.086266
301.261197
-30.740187
-68.904817
65.911161
-16.350801
-12.631128
16.791450
-10.078658
-3.793281
8.939116
4.079479
-9.976940
0.148439
5.033124
-3.047117
1.751758
6.520432
-12.601598
2.594251
8.613844
-6.611943
-0.791066
1.379536
0.124716
-1.802918
1.455142
-3.467629
5.278267
-2.673024
0.323395
3.517710
-3.834261
-1.261309
1.283992
11.010148
0.112634
-4.106833
1.446821
-2.670049
0.780151
3.661094
-10.194074
15.221297
-3.756499
-10.223409
27.151592
-15.539858
0.300765
451.140241
-795.358312
478.727011
-360.586735
18.165429
652.735912
-778.900693
-68.478331
308.593833
-6.107779
-0.335612
3.911599
-2.341733
2.749702
-0.165052
0.939136
0.485570
0.887034
-0.768421
3.020734
0.215765
0.944274
0.015866
0.284858
-0.484253
1.932797
0.374883
0.998687
0.186181
-1.076832
1.107135
-1.090473
0.074166
1.486801
-0.036115
0.281037
-0.000924
1.625642
-0.543154
1.189725
1.268625
-0.158378
0.463637
0.720141
0.685952
-0.666711
2.435677
0.211410
-2.347108
10.143750
-11.009249
45.885575
-11.609003
-20.922765
21.969545
-4.545164
-22.730482
8.657291
-0.653934
0.590247
0.496144
-9.412741
17.402576
8.145420
-64.233681
4.875463
61.501452
-65.425833
-48.705450
238.275857
-194.107530
105.936244
-178.164945
160.062927
19.923402
-117.136974
1374.427077
-2738.801180
759.663373
-31.021247
-0.277786
0.715727
0.467397
0.264641
-0.100910
0.263952
0.413518
1.427639
1.591443
-1.268168
-6.025565
26.911565
-10.926393
-10.388904
96.459894
-49.089953
8.403663
14.604296
-19.118625
-2.167795
2.888058
0.269188
-1.767664
2.316357
-1.627179
-0.138985
5.189830
-3.509110
1.799607
1.994806
-4.803494
2.174601
2.308863
-2.262501
1.714303
0.065340
-0.812200
1.421822
-0.568201
1.045070
0.979171
-0.761437
-0.020357
7.051692
-1.369725
0.590242
19.270092
-32.636004
3.211854
0.162008
0.630097
0.378941
-0.158314
0.315792
-0.031539
0.404799
1.162723
0.916861
0.188913
0.163962
1.837742
0.864751
-1.619269
0.570629
-0.313291
2.050656
4.581724
-1.867486
-3.874860
17.119353
10.046552
-15.968583
-36.300428
78.781850
7.755028
-15.384659
26.460619
-47.622483
10.859268
84.414560
-130.996580
44.815546
45.703545
-62.295222
12.042547
-17.539572
4.940672
22.525459
-5.900841
-29.095908
134.310976
-81.303527
-63.164721
60.171374
-12.694725
-7.730756
6.791791
4.095076
-0.720426
-11.417948
12.085931
3.621003
-9.063429
-0.113578
8.658394
-2.755380
-4.494183
7.191393
-0.305648
-0.405507
5.548527
-4.084588
3.482445
1.515767
-2.336171
2.767219
1.994154
-2.674103
3.282914
0.946799
-7.907594
-0.335860
1.156671
0.383981
3.809995
-0.737589
1.642196
4.818756
-5.701602
12.363337
-3.683377
-1.936358
4.322235
1.945761
-0.232628
1.730490
-0.425059
1.306204
-0.214363
0.785634
1.609016
-1.167950
-0.425657
3.218848
-1.663302
-1.090649
1.828468
1.951028
-1.360697
-0.781942
2.174890
-1.050432
0.293034
0.904113
0.118935
-0.071415
1.440690
0.147512
0.187846
0.624854
-0.460421
0.954293
0.654394
-0.108100
0.310899
1.133436
0.348558
-0.333665
0.723364
-0.047669
-0.096641
0.368430
0.167467
1.058367
-0.206331
-1.139815
0.769024
25.889283
-12.150916
5.140761
1.336641
-8.120922
20.022449
-11.694720
-10.757928
20.754454
-364.743993
499.024428
-155.431697
-168.303889
266.087210
48.839340
-315.289115
59.380079
-9.408331
-6.873369
37.521981
-9.703662
-88.724595
145.727317
-77.409789
-2.548485
25.532835
-48.600255
29.020796
-7.056669
-3.210091
8.862845
-4.517021
3.118652
-0.214078
0.237138
0.848695
0.168837
-0.892747
1.822975
0.313229
-1.171182
0.735597
1.252618
-1.767643
0.093821
2.064711
-0.315552
0.840349
0.321379
0.487552
0.438360
0.810062
-0.199511
3.276523
-3.150033
-1.234735
1.908337
-0.209571
-0.942479
0.854183
-0.313868
-0.029153
0.530232
0.394553
0.166712
0.717484
4.715667
-1.506911
0.364663
1.746719
-1.637301
0.281325
2.595401
-1.681217
-4.343081
7.837731
20.101244
-20.903393
2.293175
-0.376038
-2.827187
4.710631
-3.753878
1.244968
1.009324
0.323382
-0.699857
1.097317
1.157317
-3.435881
2.781796
1.336452
-0.599341
-0.491753
2.397693
-2.655854
3.470194
-4.420820
1.200637
0.247160
-0.163261
0.352669
0.305243
-0.505911
0.869552
-0.073305
0.108761
0.793789
0.639927
2.634436
-4.868835
4.111280
-6.604959
11.708038
-9.272959
12.278822
-8.255014
6.665995
0.217103
-0.913711
0.457952
0.723490
-0.379485
0.505525
0.375142
1.281589
-1.004671
0.113672
0.961266
0.443436
-1.013269
0.132694
1.189199
0.976772
-1.110048
2.593068
-0.916740
1.151252
0.016635
0.416277
0.552868
-0.911010
1.793606
-0.199915
-1.098489
2.929289
1.372883
-1.400122
0.866508
0.111123
0.363339
0.390809
1.145551
0.150969
0.284211
-0.197864
1.456800
-2.238307
3.445892
-3.691553
1.640377
-1.002647
0.800221
-0.585426
0.356600
0.588776
-0.465408
0.791005
1.137765
-0.383257
1.085073
-0.012949
4.926617
-1.398770
0.288482
0.911081
0.090008
-0.484978
1.074950
0.147768
-0.220786
0.473581
1.165693
-0.195547
0.443306
1.110464
-1.416939
0.959885
0.526239
0.253239
0.566873
0.092162
1.094225
-1.488757
2.654880
1.468121
-1.750459
4.058411
-0.180581
-3.525847
1.124718
1.932642
-5.603072
9.890270
2.457206
-9.670754
8.721679
-5.385969
-3.878491
4.743273
0.093847
2.205233
-2.268665
1.302380
16.368223
-8.039245
-3.841675
5.514716
0.306922
-1.768987
0.359622
1.187743
-0.109228
1.368241
-0.267816
1.283619
0.627246
0.217073
0.221029
1.128397
0.230238
2.846869
-3.776394
-1.380665
2.894003
2.474437
-3.595821
5.169283
2.120455
-2.402775
-1.207783
3.054423
-0.088134
-4.673920
2.091199
1.002308
-0.760783
-0.259722
1.978036
-0.044384
-3.464855
4.136435
-7.098377
4.036514
5.928081
-5.030078
-10.946773
11.811414
23.919475
-17.780309
36.325051
-15.261906
-12.262389
23.580740
-21.445262
9.450930
6.287986
-14.879949
0.398480
8.964262
-137.171925
15.816614
8.316513
-18.330068
22.507136
-8.787840
-19.873362
12.698685
18.337222
-46.359150
42.299950
-4.494785
-13.898826
31.404904
36.626836
-54.772589
42.140999
5.889882
-11.938422
4.638680
0.179059
-1.413836
3.172119
0.696569
-2.611589
1.622819
1.469867
-1.839514
0.511926
2.865519
-3.465237
2.577130
-0.070986
1.076766
10.633849
-6.531089
4.413031
-0.194163
-2.313525
1.554270
-0.344870
1.560996
-1.167745
1.813378
-0.229005
-0.208748
1.110607
-0.430401
-0.951261
2.351828
-6.435679
8.298560
-2.334127
0.474286
4.993356
-2.864289
-2.042130
4.304669
-2.421404
0.604075
4.211390
-18.199465
4.436790
2.171853
-0.668444
1.304209
-0.882993
-1.544554
3.017296
1.069116
-0.434946
2.191759
-9.558462
-0.472915
3.431667
-3.538557
2.605913
2.337392
-3.046533
1.011897
-0.113569
-0.694459
2.452543
-0.174114
0.020884
0.821488
0.943191
-1.559507
1.416144
1.318692
-1.300110
5.142701
-3.456234
4.597465
4.019289
-8.748470
6.051408
-2.642803
2.568224
3.922734
-3.008525
-2.710686
3.154925
-0.763475
0.756610
0.371060
0.086005
0.423505
0.494157
1.240818
-0.637394
-0.989702
1.369409
0.777123
-1.245582
1.318764
0.222340
-1.425856
0.900292
0.755935
1.899886
-0.873359
1.927893
-0.617133
0.983761
0.513346
0.206637
-0.023310
0.211550
0.050800
0.315864
-0.161758
0.785499
-0.203632
0.059256
0.779782
0.477035
-0.219389
2.242478
-1.412661
1.969126
0.283117
7.851007
-5.379276
-5.717218
20.719675
-5.122129
-22.711414
21.360040
26.467288
-31.904071
35.809792
8.508329
-55.057100
11.763135
41.742276
-9.658861
1.111724
15.755219
-8.402175
0.677405
3.088528
-2.090985
-0.293820
2.436917
0.087251
-9.943392
1.385998
10.696296
-9.540654
6.078941
-0.774824
-0.479780
1.097530
-2.439454
5.341082
-6.242594
2.908351
6.057485
-8.132630
-0.992434
3.656975
-1.474721
2.141695
0.161679
-2.491340
4.882666
-7.731271
17.026772
-13.501184
-1.459631
14.846697
-0.804539
-0.131627
1.303081
-6.865406
2.021187
4.056413
-3.589024
0.007674
3.260762
-1.409747
4.266048
-2.280547
1.329799
2.419443
-0.990091
-0.424373
1.124640
-0.189515
1.107144
-2.224313
2.776026
5.507020
-2.094669
-1.262376
3.451627
-4.200543
0.111479
5.006114
-7.859579
-0.493334
1.709308
0.189246
-20.431394
9.355961
-0.573405
-3.511055
7.959174
-0.045816
-23.546943
8.242030
20.724443
-3.904733
-38.964563
53.725083
-56.002745
-15.760396
34.230321
-10.595374
-4.932403
7.644206
-1.856932
-0.954769
6.077446
-0.025769
-1.566185
1.423826
1.604875
-5.153550
11.486480
-6.502344
4.863703
-6.262089
14.171091
-9.438254
-8.149331
12.696482
15.251991
-13.987233
9.127004
-6.623045
1.371311
4.875007
-7.284386
1.759398
6.815791
-5.392147
2.159092
2.381951
-2.798189
3.588277
-2.078412
1.429976
1.148073
-0.884117
0.966127
1.695285
-1.129923
0.540516
1.527985
-0.235083
-0.915265
1.424078
0.481501
-0.126375
-0.225436
3.493341
-4.544115
7.458438
-0.502920
-2.177855
0.414234
1.946308
-1.136007
-0.101315
1.607431
-1.385470
0.990044
2.358359
-2.407949
0.680214
0.267648
-0.206159
0.428482
0.672935
-0.357802
2.097147
0.941993
-1.586531
1.059944
0.520068
-0.150716
1.239501
1.951441
-1.838175
1.649209
-0.848961
0.634722
0.224754
0.493298
-0.797037
1.433599
-3.460353
3.560891
0.511622
-2.571940
12.347461
-9.145875
1.351270
6.903093
-5.389957
-4.525688
38.136101
-21.135026
-33.182945
23.223863
-10.128802
-11.382157
10.237704
-8.378269
28.462352
-5.382872
1.722308
2.274891
-3.506777
0.925761
1.749440
-1.343293
1.630069
-0.485986
-1.187462
1.318344
5.007401
-0.355551
-2.664590
2.414573
0.986468
-5.729514
3.841247
1.843727
-8.212965
5.726248
-3.536241
-4.822256
11.624512
7.589402
-2.340689
-1.056477
3.181703
-1.767857
2.555722
2.267756
-0.490222
2.942669
-1.596956
1.588972
0.736891
-1.029755
0.874509
1.524909
-0.870542
-0.419461
3.677375
0.213015
-2.199881
1.290287
0.995241
-1.054826
3.547121
-0.070028
-1.002443
1.774322
0.588476
0.119245
1.164500
0.069983
-0.135367
0.543651
-1.909485
2.955928
0.023295
-1.225544
1.565792
0.421393
-0.623862
0.899138
1.798249
-0.093896
-0.531480
2.011831
-0.307393
3.971800
-4.036219
48.014430
-71.198406
89.667429
40.253531
-102.993321
12.747293
-4.451309
-13.290283
19.665222
0.407154
-1.407427
1.784146
5.924259
-4.005346
2.305496
1.424285
3.664518
-0.067807
-2.507285
0.921049
0.983896
-0.145928
0.281855
0.024432
0.280765
0.012405
0.658237
-0.284901
0.332591
0.763140
-0.596513
0.220657
2.673480
-1.944224
-8.845824
23.081756
-18.008829
13.474430
-4.566278
-3.548448
3.101899
0.271000
-0.400496
1.004090
-0.872038
4.915253
-4.258702
4.484594
-0.044368
-1.058668
1.640319
-0.356723
-0.384846
2.926946
-3.434266
5.045882
-2.355524
-2.127408
4.121746
-2.094566
-4.285178
4.891452
14.008864
-12.783159
15.964362
8.172529
-23.679733
-9.292445
11.557036
-5.896684
-7.112642
16.046249
-21.504264
7.117512
8.003637
-3.079963
10.809842
-5.756116
3.335521
0.477625
-0.687988
0.557480
0.638724
-0.075034
-0.172670
0.717228
0.529837
0.164932
-0.553133
4.949526
-6.212582
17.327323
-4.067090
-3.725421
3.645068
1.116484
-1.093676
2.922925
0.410747
-11.492841
11.141628
-11.458124
-14.993948
13.667928
2.688224
-26.120484
141.107560
-1.522923
-607.709442
368.420612
-121.800526
-190.531959
150.361895
29.363112
-153.644473
235.511544
-175.532146
59.295942
-146.766817
12.470614
-17.328347
7.808937
-5.392297
5.815080
-1.028447
-1.015088
1.413239
-0.068595
0.690894
0.370113
-0.058239
0.778711
2.991337
0.706229
-0.916911
-0.031712
2.490449
-8.113238
19.576837
2.074345
-13.012139
23.876245
-1.152306
-21.075366
40.840008
-1.726526
1.904078
1.083889
-5.157836
1.260516
0.841801
-1.566518
-0.286610
1.629766
0.350797
-0.788651
3.936634
0.034523
-0.000634
0.688244
0.453434
2.494309
-1.562579
12.636035
1.546572
-6.717654
0.525715
0.726052
0.065090
-1.826950
2.950969
-0.632693
-1.238085
2.490424
-2.231472
4.863775
-0.429164
0.962811
2.999016
-2.163206
-1.769672
7.354518
-6.453935
-3.845177
9.322753
0.358654
-1.102205
2.423708
-0.227573
0.730746
1.288470
-3.789406
1.588952
5.401535
-27.906677
22.370505
-6.956737
-11.373135
4.399632
0.310231
-18.132187
18.735813
-13.939790
-4.411366
16.573859
3.513377
-3.984495
-2.399001
3.927751
0.471675
-1.753723
1.692269
-1.441810
1.806477
0.849982
-0.353017
0.273056
2.070588
-0.925528
2.138072
-0.830874
-1.700607
2.923841
-3.573404
6.323182
-4.120381
-2.671482
5.985727
-10.334287
1.131048
5.145835
-2.081992
-1.091288
1.665246
-1.129711
0.239926
5.475423
-0.589246
-10.277345
6.066039
0.559414
-0.036940
1.679021
-0.654964
-1.531940
1.345769
2.701619
-1.161784
1.217006
1.976480
-2.429378
2.065768
-0.523497
0.358238
1.532740
0.135349
-0.682488
1.283798
-0.375029
-0.301614
2.636657
1.818234
-3.194108
1.895465
3.844796
-5.329774
2.637845
-0.505312
0.186246
2.142652
1.088778
-1.719760
2.155477
0.997312
-1.143852
0.183621
-0.290388
0.279466
10.636819
-1.063670
-5.015714
5.714817
1.993756
-7.954982
8.652058
-1.355392
1.559209
0.765780
-0.446068
1.758156
-1.591908
0.890041
0.280430
0.829675
-0.310369
-0.370107
1.282196
0.702229
-0.687611
0.887801
0.215143
0.198609
3.186627
-1.553144
0.024353
0.737187
-0.341705
-1.094941
0.594766
1.264020
0.107498
-0.889807
3.888564
-2.244835
0.584701
1.685041
-2.131316
1.794443
0.352413
-0.128437
-0.412875
1.041417
0.233302
-0.729705
0.095143
0.465621
0.367411
0.238481
2.677787
-3.706117
2.367702
2.189908
-3.475877
1.423542
1.688873
-7.299518
2.140155
4.001829
-5.802723
2.875354
0.667491
-3.132380
7.025778
-1.310870
0.706780
0.744241
0.727392
-0.654413
0.695167
0.423788
0.723329
0.456941
0.398257
0.548382
-0.119631
0.845925
0.426547
0.374864
-3.291929
3.427445
1.663604
-4.374087
1.443577
12.085973
-19.322519
3.849114
1.188956
-6.983941
3.847024
2.576440
-4.228298
-3.898895
6.789300
-4.502277
0.986026
1.434158
-0.553832
2.033268
1.336831
-0.995735
0.764729
0.661808
-0.106023
1.294989
-1.226472
2.751439
-0.831982
-0.121248
0.687599
-5.328892
1.766776
-3.418974
2.820552
1.593072
-2.504683
0.690341
-0.824834
1.041649
0.216718
-2.842098
6.659390
2.254351
0.071855
-4.596909
0.596795
2.661508
-1.492948
0.939526
0.968771
-3.190660
2.479644
19.029817
-11.634014
-11.085525
15.584792
-11.340979
5.305805
1.326238
-3.272276
3.246511
11.738268
-23.629889
-17.050463
39.579483
7.801624
-47.141542
35.099246
-51.154516
-2.286353
138.494380
-33.715518
-47.591407
24.668863
72.208687
-50.969448
-60.773979
151.927652
62.304541
-63.118235
7.883477
27.343202
-26.178240
13.089792
-2.852338
-10.196150
13.935530
-31.048855
28.609054
-17.017462
-36.004808
47.044761
1.369971
-2.198514
-2.811795
1.945947
1.344692
-0.745392
1.797389
-2.398227
-0.529557
3.971011
-2.291628
12.941896
-24.254890
102.022899
-33.478271
-24.219571
14.979379
6.023193
-22.232861
-5.143855
10.218314
-9.917709
9.800063
11.562838
-18.769065
4.784408
-1.715148
-4.038389
4.938886
13.998265
-27.155415
10.641970
-12.428631
5.510400
1.230734
-0.646068
-0.076015
2.746369
-2.118820
0.308497
0.918888
-1.098174
3.327135
-6.548535
5.361429
-0.970859
0.146533
1.312753
0.490205
-1.621362
3.128327
0.583021
0.356752
0.845016
0.197834
1.137391
0.085590
-0.564665
1.042792
-0.554008
0.219678
1.399225
0.776879
0.616191
0.017287
-4.014569
4.863688
-1.087573
-3.587353
3.424015
0.312888
-2.144072
4.146763
-3.485328
1.301738
1.392636
-9.985949
20.565522
-8.688780
-9.485803
29.666355
0.599678
-2.399483
0.162229
5.363878
0.638086
-6.438910
1.644731
-0.293856
0.391081
2.010694
-3.533242
0.335251
7.656599
-8.646821
2.141652
3.304204
-7.772315
17.378896
-2.777868
-26.095908
90.336060
-7.419894
-21.216926
25.328319
25.261195
-23.976956
5.295009
18.537606
-69.197584
-23.173836
32.275103
-23.732994
1.164308
-0.487041
0.672320
1.276121
-2.544753
0.917190
2.014414
-3.036594
3.446204
1.107181
-6.510937
12.356187
31.171107
-32.140665
-5.901168
8.058824
-4.751417
0.839093
4.296277
-4.092375
2.250976
-2.519340
1.682979
-2.097313
0.193069
0.518587
0.750366
0.516706
-0.496273
1.635426
0.814641
-0.989555
2.137323
-0.445976
-3.942737
3.980332
2.118303
-2.767811
0.427137
1.394940
-0.776183
0.808497
3.216882
-2.614154
1.580111
4.776655
-2.543345
-8.011694
7.529390
-2.040738
1.306376
0.807791
-1.111416
1.792501
2.946193
-1.701141
1.936623
-1.095344
0.190851
1.991487
-1.924853
0.637546
0.501926
1.240062
-0.103783
-0.210947
0.752744
0.557707
0.252753
0.640006
-0.108209
-6.344676
3.484780
0.548804
-10.442492
24.637708
-10.786500
3.206442
-1.783211
1.571610
-5.715095
7.369806
4.547785
-10.062233
5.761388
9.441245
-3.628940
-5.591766
5.689193
-3.003571
-2.994248
6.279355
1.801101
-6.453216
-2.150408
3.012728
0.673086
-0.241658
1.507042
0.266282
-0.430800
0.635423
0.125365
-0.698805
0.843962
5.939803
-4.602619
7.079223
1.504044
-1.750767
1.514303
-0.838539
-0.825183
5.750580
-1.395990
0.866393
1.793498
-0.937678
-0.380613
1.754795
-0.715632
2.747266
1.916274
-4.721968
40.966821
-17.544069
0.457570
5.172906
-3.855667
-3.107039
6.820011
-2.041748
-2.661060
2.582880
1.947296
-1.295832
0.442285
1.121769
-0.519839
-0.987502
3.560814
-1.561374
2.344634
2.224792
-3.640380
3.012483
-0.181755
-1.650189
2.145359
-1.671195
-2.267306
24.215743
-13.371756
-1.291350
11.172018
-9.462771
3.343748
8.334583
-8.345073
-1.487645
3.805620
-3.191349
1.379041
0.807618
-1.790232
8.265039
-1.811188
1.161859
2.240828
-4.628476
10.006353
-8.959830
0.057451
13.002427
-21.296688
7.884333
-3.085555
-8.749761
10.540931
-4.891488
-13.238970
47.423089
-0.184001
-23.537683
2.599133
4.023207
-6.386521
-4.650568
87.216193
-82.669340
57.883791
12.979969
-42.521905
86.107778
-60.877207
22.021244
43.115471
-17.681927
-9.953584
14.752445
-1.945270
0.196416
3.281069
1.390798
-1.908522
4.588763
0.907144
-0.922133
-0.117449
0.573548
-0.403832
23.270641
-7.439788
1.163282
4.275358
-7.507299
-3.131101
2.772192
0.857546
-1.111863
-0.005959
1.961367
-1.782186
-0.082905
1.734609
-0.311468
-1.042789
1.250150
-1.632210
-1.037638
2.977522
1.047635
-0.330910
-0.483592
2.374229
-2.515768
-0.298398
4.773233
-3.194325
-3.269578
1.049649
4.309405
-5.545162
7.795501
-2.170341
2.156234
1.632931
-4.810004
8.225594
-1.167384
-6.601875
12.244955
-3.901850
4.878133
4.727153
-8.622073
1.933992
7.962752
-12.417935
0.480395
0.473655
-0.124699
0.344027
2.162426
0.015338
0.581977
-0.213977
0.130109
0.561167
-0.328866
1.109394
0.065369
-0.983410
0.619149
0.788512
0.411902
-0.341509
2.528194
-2.176184
2.787762
-1.281589
-0.810469
3.755780
0.832734
-18.600283
15.447546
-6.392914
-1.692412
9.368652
-11.698112
-19.323002
16.949682
9.413875
-11.526256
18.820065
-7.904073
-35.114178
48.644664
5.573440
-21.719147
-4.843747
73.934630
-35.360790
-33.611589
28.522280
2.018286
-29.575627
35.534825
-12.772489
-5.329261
4.041360
3.469694
-8.423429
6.928206
-1.010590
-8.409671
15.797569
2.019033
-31.575826
34.200678
-3.334390
0.432865
2.937091
-0.622865
-6.015701
5.177869
6.795850
-11.868117
2.857056
11.814580
-13.003645
0.431468
2.330174
-0.181673
1.780199
2.861870
-31.403443
2.490832
108.475010
-363.380946
246.235110
-53.937519
-109.196008
180.874582
-5.069543
-96.606557
133.574394
-18.670434
-1.888802
5.790300
-2.824310
2.499748
2.554822
-4.023843
0.553141
1.204203
-1.199342
0.835232
4.921821
-3.605135
-4.724396
7.280351
-2.340297
-4.991734
94.907120
-137.617410
-44.822328
150.698350
-64.713574
9.066722
12.060722
-20.400306
11.150667
-1.177719
-11.373030
4.453631
-7.578537
0.447669
9.182268
-0.845802
1.167276
0.539183
-0.534534
1.312829
0.825488
-1.826035
6.895677
1.008622
-0.970727
17.061078
-8.760393
-11.526852
13.267130
2.256694
-4.212926
1.080645
2.558039
-4.758149
5.824155
3.961925
-11.800227
-7.821169
8.344816
2.098132
-4.079686
0.696170
2.185625
-0.411454
-3.683978
2.589431
1.425124
-0.053142
-1.030317
1.613248
0.778927
-1.131592
0.817706
2.879601
-2.223225
-1.336478
3.572593
-0.594607
3.617742
0.773262
-7.166163
7.796754
-3.499981
-3.015756
5.558134
-1.702568
1.181279
1.540032
-1.236907
0.360360
0.893435
0.404592
-0.631806
1.131075
0.456236
-1.010708
5.935975
-5.177320
2.163920
7.681942
-10.205725
3.454262
-0.866354
1.206462
-1.024021
0.925644
2.305541
0.654888
0.324248
-0.558302
1.248206
-5.654965
0.862585
1.323330
-0.496857
-0.148173
2.572956
-10.474608
16.321130
-18.618318
0.591690
4.879699
-2.270381
-3.174352
5.298674
-3.518617
2.136943
1.867191
-0.300493
0.989555
0.259965
5.444612
-4.303491
24.583964
-16.789848
52.120868
-5.322572
-1.827544
5.812576
-4.604500
0.981807
2.883229
-1.472972
1.219147
1.531887
-1.110314
0.490117
0.757094
-0.351071
1.096448
0.438771
-1.083048
0.077744
1.408643
-0.536305
0.048076
1.671445
-2.840885
1.137447
4.041077
-1.260782
-1.598902
2.621763
-1.540768
3.510413
-3.867083
7.163487
-6.387182
18.883454
-16.717494
-9.528733
12.822290
-8.357068
-1.951840
9.414616
-44.142483
99.046633
-25.027906
-89.619547
109.878387
-74.230413
17.971301
6.427674
-18.488140
40.846221
-18.268533
10.534837
-3.801416
6.649141
-2.473827
-2.825746
3.505719
3.788469
-1.789937
-4.464214
6.421318
-3.808920
0.499690
1.574030
-1.924648
3.378908
-0.631325
-1.015359
78.736997
-46.736469
-0.282164
1.398167
0.358065
-1.980780
1.659956
1.750065
-0.815594
2.144932
-1.404164
-1.879654
3.601083
-2.378725
1.338165
0.555418
-0.699997
0.748065
-0.141953
0.716775
0.765703
-0.068656
0.231903
1.085319
0.875625
0.102305
-0.468034
0.521751
0.597771
-0.605243
2.939052
2.635023
-7.386633
-3.386881
14.123556
-30.554686
0.736751
43.209420
-46.466131
33.989487
-6.630183
-2.063288
6.806554
0.397211
-2.686216
1.705212
1.373131
-2.844351
0.781662
1.052360
1.254350
-1.095208
0.941540
1.326124
0.294244
-0.689664
3.098843
0.483000
-1.334496
0.528333
1.234524
-2.580671
2.197086
4.791881
-4.182931
-1.318194
6.627624
-16.818345
23.844909
-7.670827
-55.148663
29.639243
-7.549855
-8.749712
15.900160
1.849000
-1.664294
1.529238
-3.420043
4.165335
4.856165
-11.124817
0.517550
1.192004
-0.692357
1.035169
0.228570
-5.150074
1.474725
6.294806
-1.360850
-3.080369
2.164458
0.860124
-1.823188
6.395269
-9.745752
2.649213
-12.244334
5.991181
0.345781
-0.302511
0.670772
0.710151
-2.253054
0.174894
1.733325
-1.002153
-0.269358
1.974562
-2.575571
1.608908
2.165821
-9.882087
12.317527
-4.655390
1.200134
0.368928
-0.483622
-0.445813
1.163622
0.494822
-0.549136
1.595369
0.786107
-0.356411
2.341152
-0.114416
-0.587164
7.386968
-9.496291
5.547601
-4.270720
-5.972361
7.829747
4.998937
-9.313020
3.362466
3.162139
-2.373833
2.413497
0.347267
0.328744
0.460640
-0.404839
0.794542
-0.185372
0.638520
-1.217651
0.695493
0.612935
-3.146854
3.980941
-0.440911
-2.581353
3.756053
10.502200
-13.843126
0.778940
14.433017
-3.594458
-4.839296
6.759845
0.548699
-1.752116
0.402894
4.449058
-6.735555
3.281094
7.214348
-3.096125
-10.394634
10.825560
-2.167575
-7.012414
4.196302
3.658358
-7.421761
14.079855
-2.357317
-13.732410
5.860387
2.936411
-5.632016
2.589116
1.123418
-1.210713
0.441124
2.149353
-0.479262
-3.935749
10.072094
-22.247190
-1.120761
16.015218
1.135368
-1.836980
2.779010
-14.541195
21.990558
6.388889
-60.954003
53.334779
-36.346322
36.433421
-23.959653
2.491429
28.117103
-10.096526
6.569091
1.710405
-23.484017
34.871380
0.512087
-1.382062
0.610643
1.701559
-1.947019
0.784052
8.367109
-3.613230
-7.853524
12.375588
-1.175565
-4.793333
12.604122
1.517927
-6.665790
18.175838
4.894636
-7.929740
1.840191
-0.107638
-1.414767
0.803716
0.884643
-0.920193
2.207383
-1.284470
-1.535041
1.699553
-0.882682
2.845428
2.938834
-10.379655
9.279489
-0.801140
-6.487172
17.968635
-5.744762
3.025647
-0.951679
4.629046
3.340807
-5.219561
1.423386
7.715685
-10.871466
3.301082
1.246910
-1.316002
1.649467
-0.556071
-1.547879
1.300370
1.054955
-0.479416
0.389716
1.206664
-0.133016
-0.392757
1.941417
0.007318
-0.538996
8.096515
3.727866
-3.048329
-5.297517
11.380711
-6.146575
0.445376
1.923442
-1.970527
-1.245155
4.667562
1.504733
-12.773750
3.462880
-0.107513
-1.797512
2.749230
-0.506147
-2.140130
2.602352
-0.615735
-1.252588
2.240634
-0.302977
-0.457965
1.303905
0.351939
-0.119470
-0.160528
0.926535
-0.256279
-0.076731
4.604791
-10.794606
0.142250
1.197978
-3.612128
5.612156
-0.160542
-5.220686
4.383986
9.177138
-4.566718
0.997434
0.872557
-0.569558
0.395519
1.562520
0.682714
-1.568678
-0.908617
4.437368
-8.835740
9.751440
-3.636219
-9.795718
20.549594
-26.296713
0.071881
14.050506
0.065693
-34.568809
43.078277
-7.996591
8.386185
2.134646
-4.107089
3.541081
7.623165
-11.114988
37.063301
-15.365731
-3.602847
17.871342
-3.995252
-16.045371
10.630129
1.072831
0.902427
-0.571151
1.644588
5.469958
3.841061
-19.044569
0.164814
36.298525
-14.817618
-118.288605
59.804305
79.572032
-157.136045
66.353156
217.150816
-18.500699
-8.671407
17.526495
-14.066209
-2.587344
3.189938
-0.861775
-1.845582
1.963262
1.782029
-2.756372
0.431912
3.476074
0.395795
-0.692798
0.455176
2.883409
-1.993225
2.745799
-2.606386
7.467866
-1.955791
-110.889899
69.925975
83.234299
-144.635011
214.618169
-158.890951
4.652434
74.038578
-88.629269
439.376515
148.981922
-159.607838
39.867771
-35.522202
-0.827125
2.893731
-1.557270
-0.225461
1.859848
-0.471120
-1.477370
1.181727
-0.134910
-1.112471
1.905401
0.516146
-1.374445
1.192480
-0.145421
0.726206
0.187046
0.690523
0.554081
0.886441
-0.532601
0.151463
0.565560
-0.433398
0.869570
-0.246648
0.237546
0.294751
-0.079500
0.829416
-0.332586
3.132596
-14.856666
10.074026
2.692826
-13.774645
14.001357
12.668933
-18.137161
-0.450826
0.729810
-0.005199
2.445393
0.732958
-4.974901
0.593345
3.308525
-9.764878
6.622698
0.477817
0.832600
-0.334332
-0.135843
0.584865
-0.053018
0.182819
0.274916
0.258030
-0.005828
0.047502
0.169121
1.146626
-0.283945
0.516899
0.619631
0.466158
-1.948637
1.104125
2.340716
0.839669
-8.025433
6.041260
-0.011582
-0.696965
1.463120
-4.341116
5.161791
2.540996
-7.976595
0.551515
5.472412
0.164690
-1.336377
4.871639
-0.011156
-0.984024
1.508571
1.224972
-1.631378
0.135146
2.097501
-0.180344
1.520697
0.393166
-1.581900
3.149369
0.762261
-0.310083
-0.381405
1.900513
-1.244000
2.470805
-3.539963
4.221499
8.011642
-3.398073
0.646706
-0.185361
0.720743
-0.682717
16.227019
-6.215071
1.524571
0.980046
-0.669462
1.066384
1.017764
-0.768650
0.824646
0.274880
-0.139027
0.902717
-0.487633
-0.218950
0.743452
1.111577
-0.077862
-0.409198
1.450935
0.201932
-1.614986
3.754946
-1.508066
-2.080274
2.768842
0.580945
-0.780377
0.333961
1.343542
-0.633922
-0.097435
1.511049
0.262850
-0.716310
2.535159
0.930911
-0.513446
0.631501
-0.283835
0.663220
0.590959
-0.018897
0.792616
-0.758706
2.999392
-0.346302
1.139811
0.433358
-0.367062
-0.201699
0.977689
-0.071770
-0.737265
2.855959
-1.795684
-0.035384
3.277859
-1.813567
1.449551
0.666666
-0.717667
2.648060
-2.822137
0.158936
0.336420
-0.312401
0.098870
1.874793
-0.158873
2.310504
0.457387
0.752544
-3.211701
1.426855
3.883246
-19.030374
36.585868
-36.548874
14.813653
-10.406254
-0.578321
17.292839
-13.872202
7.246585
-5.203134
4.285189
1.360775
-1.027166
0.614581
0.825485
0.178429
-0.103113
1.014987
-7.876646
15.473448
-9.262831
1.852417
16.768997
-43.872132
10.417207
17.639079
-11.883002
-1.397275
8.885713
0.966134
-6.193711
1.450688
0.622532
0.114275
0.149742
0.641447
1.234567
-0.236541
0.561500
0.952073
-3.080058
3.234287
4.700607
-1.051281
0.606209
1.167466
-3.113653
1.248951
-0.310975
0.715557
1.060182
0.502673
-2.434635
2.463714
-0.252397
-0.590948
1.105277
-0.486756
0.844519
0.054938
-2.629066
2.864766
-0.608170
0.681826
-0.094153
-0.216826
0.979527
0.090408
-0.041516
0.804561
2.173425
-0.823745
0.461677
0.779882
-0.492909
-0.161922
0.898893
1.336491
-0.947737
0.029187
0.257544
0.301499
0.054003
0.564000
14.229605
-15.003966
-9.557770
6.183863
5.145295
-3.738141
-21.009534
18.721625
9.919170
-17.067369
0.087863
4.805754
-0.751515
-0.099743
6.171068
-9.910657
5.887319
1.256713
-6.353373
2.094208
0.713940
-0.659621
2.100211
-0.658283
-3.497197
7.381607
-0.293867
-6.746427
3.044696
40.307325
-17.923787
-49.073708
100.923639
-68.462468
4.170378
-8.209460
2.006967
10.503735
-21.027563
6.227891
-1.702313
2.658478
-25.343244
29.689346
-20.368010
-18.673964
25.928991
-10.093165
-8.171745
75.266619
-106.867864
136.217768
11.081138
-99.256891
28.177790
-2.242970
-9.101397
51.391433
0.503173
-2.422329
6.332506
5.836855
-3.915417
1.261195
-0.120389
1.225448
-1.204523
0.268976
0.775260
-0.133689
0.305297
0.412937
0.197091
0.122762
0.154668
0.880430
0.144354
0.461622
2.823090
-9.823869
17.134780
3.228244
-11.695584
4.652160
11.668416
-17.485764
3.546620
4.234937
-100.543953
48.248963
48.788876
-83.702642
-2.086492
11.723973
-11.057134
17.131058
-9.709913
0.126462
33.398914
-82.503397
46.416494
-53.595867
11.901824
4.697381
-12.777169
1.245241
2.747258
-0.703264
-0.347889
3.833147
-0.637130
-4.101575
4.940592
3.718956
-3.035747
-1.907164
7.530623
-5.579883
3.041250
-1.088149
-0.676549
3.352700
0.722539
-0.475065
-0.795730
1.323898
6.419158
-5.220096
-0.067520
11.862738
6.118285
-5.954999
3.116164
4.110257
-2.768832
0.532335
0.662625
-0.089881
0.586388
-1.228946
0.418872
1.184807
3.966411
-0.400498
-0.268589
1.834539
-5.522331
59.697012
-21.477126
6.809204
-3.851908
0.111688
9.864939
-13.452775
-0.141315
5.736585
-12.076195
0.092134
10.903841
0.013674
-3.322593
2.302614
0.555919
4.767360
-3.683685
11.716249
1.739660
-15.725153
0.709703
2.863062
-1.204155
1.273805
0.031784
-0.437261
1.120968
1.662600
-5.775551
0.647709
1.399437
0.955507
-2.298920
1.154322
0.534906
-2.882868
1.979061
-0.204180
0.363250
0.662675
-0.423669
1.300248
0.140436
-0.155270
1.175518
0.535297
0.085476
-2.577798
4.099365
-6.177903
18.193279
-44.008951
-16.091851
9.848155
-5.429821
-2.592491
4.616729
-1.473067
-5.572252
5.088872
5.241267
-8.261451
2.318726
-4.468885
4.341918
-0.519873
1.574390
0.191009
0.024206
1.587633
-0.606512
0.166135
4.835086
-5.051644
-0.248112
2.205973
-4.013531
2.592414
1.583777
-7.469538
0.442629
-0.130792
0.390843
-0.527589
1.073185
8.778956
-41.145232
49.454094
-121.918615
326.082226
-266.865453
-201.717990
220.906775
-66.490954
-4.370354
112.475613
-8.947171
-159.156318
135.952150
101.208208
-617.950536
820.981815
43.279625
-1096.261033
2249.164020
-148.806103
-1866.732624
6739.573767
-7576.463393
1227.034316
5714.471716
-1585.665184
-9283.001676
4434.287921
6074.580882
-3176.523800
-7894.140431
7819.313433
1179.008563
-5146.464255
2416.513324
2181.774620
-593.055806
17.334227
13.595823
-8.691150
-4.382017
16.045983
-22.210069
-21.901702
26.316025
36.277115
-57.528801
-52.887613
83.783708
-29.477282
-15.247500
9.668914
4.274882
-13.097584
-2.523616
3.994878
4.991270
-3.906339
3.831858
1.869974
-1.728014
0.635224
0.208215
0.408035
0.531192
0.012300
0.585674
0.930676
-0.296766
1.794409
-15.462295
15.240708
-37.002629
28.164180
4.787781
-13.694807
8.619729
4.992546
-15.471417
10.094109
-13.816428
5.618890
1.072893
-2.940621
-0.847638
8.328328
-3.041122
9.472863
-11.328575
2.851544
4.724522
-1.442239
0.856432
-2.704476
2.493448
1.680400
-2.165848
2.131447
1.873394
-1.942119
1.301718
1.314500
-1.152080
0.167925
5.629107
-8.254288
7.762074
7.922257
-5.729046
-1.821792
3.880652
0.705688
-1.114923
1.690546
0.422801
0.437483
0.200397
0.134385
0.111837
0.502767
0.604834
0.710180
0.024774
3.134150
-1.232412
-2.531212
4.536864
2.692578
-1.356956
-1.119837
4.783926
0.947390
-0.286917
2.052793
2.217081
-7.592054
7.062016
-0.023055
-4.633453
1.170026
6.966854
-5.606313
-10.202297
24.712111
7.850713
-15.079840
-0.026313
9.534426
-34.587081
-4.288807
115.747440
-111.341835
36.457418
-8.805313
46.697146
-27.355362
3.408088
12.191440
-12.858446
3.671544
9.136097
-5.297787
1.079309
13.410919
-16.353208
-4.465607
9.574868
4.822709
-7.201379
-2.846390
5.182907
-2.158079
1.095832
2.269547
-5.492396
4.172568
2.559174
1.089162
-2.859013
0.439127
0.614179
0.344981
0.821581
-0.084081
1.353327
-1.198000
-2.732801
2.181963
1.773600
-3.226367
0.636166
0.859091
-0.809073
0.612191
0.306036
-0.395066
1.743073
-3.377600
5.289380
3.773007
-13.192618
5.926617
10.014343
-13.460272
-5.645437
20.763505
-17.571553
5.534484
-1.692989
0.757216
0.922076
-0.367160
1.622299
-0.205990
1.013850
-4.973563
0.574245
2.848487
-5.876424
7.949272
-9.395952
3.430456
26.294784
-59.378481
18.616957
18.611570
-45.552527
7.390752
7.125482
-6.197655
0.522197
3.767052
0.090062
-1.354418
2.509022
-0.994219
-2.152125
3.201505
-0.509461
-1.325190
1.194020
3.014759
-0.836861
-4.723993
12.497484
3.578068
-4.318892
3.199790
-8.670879
15.056980
1.845853
-9.383875
6.943594
-7.809760
4.191038
0.648399
-0.700483
0.403573
1.180552
0.420046
0.083232
-0.053436
0.433062
1.520170
-1.153414
0.289395
-0.234069
0.953347
0.128857
0.146036
0.964252
1.410176
-1.332537
-2.829183
9.249391
0.138302
-3.173564
1.258041
0.392286
-1.820088
0.133030
0.571153
1.553102
0.343568
0.889446
-1.178829
1.624396
-4.936298
5.557943
-0.708451
-0.050464
1.511207
0.561704
-3.713683
1.495431
3.439076
-8.212446
1.261770
1.357514
-1.536983
1.682864
-0.778672
-0.339875
1.176688
-0.628903
-0.261788
0.730675
0.273217
-0.221833
1.199347
-0.243414
2.032450
0.075933
-0.258715
6.316048
-2.961131
-5.247303
12.774624
-6.429905
-10.697013
20.897527
-12.177520
-167.083066
34.799791
35.917964
-126.089364
61.296390
89.692170
-160.870131
372.446425
-538.192751
188.604230
-17.913516
-14.637421
101.474005
-46.700821
-118.321625
164.214744
143.517129
-530.277816
492.206595
106.777845
-893.043371
-159.743581
227.705735
-120.549865
-38.628875
88.645224
19.478490
-83.790932
50.725809
-10.416519
9.243317
0.799033
-2.009460
-0.638506
2.249828
-0.330202
1.245073
1.896991
-1.959912
1.637751
3.236403
-2.610005
0.098306
3.342824
0.861262
-4.315468
1.767859
-0.983124
0.348667
1.064701
0.828438
-0.114465
0.411589
2.993265
-4.821592
3.248795
0.173777
-2.285095
1.050048
0.298327
1.299813
1.180353
-3.480158
7.436623
-0.635314
2.069335
6.180633
-18.819259
27.724679
-6.708208
-12.391582
13.577906
2.116098
-0.523740
-0.966346
7.807989
-0.969450
-1.678674
1.700066
2.771849
-3.107155
3.622628
-0.757027
-2.404235
4.269868
0.047682
-4.269169
7.802510
0.578482
-1.636110
1.467772
1.631205
-0.791282
1.238400
0.064637
1.374318
-1.970410
0.547837
0.705078
-0.055446
-0.014919
1.651323
0.273199
-0.300355
0.779963
1.080462
0.055304
-0.872737
2.233896
-2.449634
0.895551
1.584779
1.173285
-0.175543
0.359053
0.699905
-0.694738
0.280221
4.131317
-0.932567
3.339631
0.540290
0.077092
0.864519
1.415821
1.032168
-0.554999
0.783887
0.100392
-0.475215
2.286692
0.312560
0.218072
-2.051101
1.965255
0.125328
-1.071252
7.874482
-5.363492
4.426180
9.903670
-11.744987
5.296971
11.082337
-12.807440
9.113092
1.794165
-6.849195
6.961834
-1.441266
-128.954435
710.090907
-109.352314
-3.058642
70.001640
3.541292
-22.997837
20.616113
-26.347652
-5.247568
17.791427
-12.029895
3.176827
2.268702
-2.048074
1.405936
2.829962
-0.060665
-1.252205
1.958244
0.055395
0.237414
1.445019
0.315917
-1.129530
13.584098
-4.928841
2.033875
-0.535050
0.366000
1.584342
-1.586707
5.399105
-3.240641
-1.470941
6.594751
-12.979313
9.799892
-5.375792
0.717107
3.435456
-10.608287
1.999282
2.127947
-0.846329
0.506002
0.844586
-0.252565
6.536107
-8.031768
-4.042742
9.226808
1.352674
0.252457
-0.104414
0.562011
0.257687
-0.986460
1.187897
-2.725163
1.853826
-0.100739
0.137342
0.628902
0.427572
-0.495848
0.355313
0.675648
0.011016
0.860290
0.205468
0.665297
-1.283955
1.937716
-1.022292
2.056600
1.452179
-5.557182
5.963003
-3.343935
0.981065
1.850358
-1.268532
2.427749
-5.640316
4.228655
-4.562890
12.999034
-291.285420
9.982078
155.569580
-325.132513
86.338567
20.247753
-14.405113
-0.234662
13.609433
-10.993079
-3.624290
4.928419
2.315849
-3.042301
1.369926
0.081688
1.106698
0.568956
-0.167804
0.759809
0.512003
0.597636
1.129681
-0.017067
-2.621105
2.641681
-1.611886
0.959435
0.510041
0.314380
-1.117031
1.952574
-0.293724
0.527556
0.785352
-2.727033
1.393448
-0.252666
0.835911
0.135575
0.093275
0.613126
0.681566
-0.324623
0.902729
0.313014
0.225760
0.660814
0.396635
-0.777928
1.441354
0.213555
-1.843051
3.101909
0.086785
-3.261328
2.836927
1.000865
0.717480
-0.806433
2.570428
-1.190359
0.620913
0.467156
-0.239005
0.859590
1.111014
0.666265
0.609123
-0.295883
0.125572
2.419506
2.323252
-1.881505
1.529124
0.053870
-0.954873
0.361707
-0.210932
1.010296
-0.160097
0.245712
0.165344
-5.080537
6.700867
-4.321130
2.769352
-0.938561
0.414038
1.527954
-2.182941
1.204043
2.280318
-0.797522
4.131602
-3.069806
0.957850
3.289002
-0.091510
-2.800381
3.206835
-3.519846
3.413258
-0.662471
0.795680
1.652787
-3.329205
2.342186
0.917727
-2.115478
2.126616
10.409187
-3.429297
-6.828555
9.642052
0.706902
-4.941790
9.503585
4.530001
-9.144661
7.857997
6.108322
-5.117062
0.721531
0.154591
0.508974
-0.367309
0.370610
-0.034316
1.338844
0.351185
-0.083982
0.955090
0.335055
-13.502032
2.634123
4.707978
-4.295073
-1.960339
3.917686
-7.675820
-7.110028
24.303595
-16.791715
-12.842753
55.420737
-0.044756
-6.394197
5.486491
6.777161
-8.573058
1.842920
-2.017930
1.411454
0.023540
-1.464425
18.268283
-28.704833
37.910946
-0.285742
-309.948540
199.774793
36.928847
-84.774868
121.670122
-106.906135
-85.050673
142.203310
-127.554532
62.071334
50.652627
-206.742580
63.363219
6.553982
-53.173801
0.693920
7.521378
-7.433985
1.267257
0.694033
-0.637734
1.475938
-0.492140
0.594683
0.029379
0.297948
4.595721
-0.251959
-4.215409
9.831402
-0.098883
-20.887387
8.401714
7.105780
-72.362345
28.326282
-7.046531
-1.793441
8.600249
-82.199842
32.082424
-21.613988
1.112463
0.203101
-1.008658
0.857666
2.166129
-3.916759
1.432393
5.263044
-3.001612
-2.912366
7.510357
-2.479978
-8.671119
9.227918
-4.795696
-21.788322
22.576271
19.602578
-34.907654
9.930380
-0.375491
-0.894075
7.739039
-4.737435
9.495080
1.092296
-4.290362
1.853487
1.506441
-0.160162
0.087903
0.488029
-0.101235
1.883234
-0.690926
-0.208470
1.034942
-0.459703
2.509920
-5.536071
6.207738
6.574184
-7.464688
0.271273
3.164730
0.438464
-3.581562
4.242848
-0.830963
-4.674898
2.435954
-1.508928
2.597694
0.705216
-0.466412
0.310491
0.549516
1.347342
-0.092743
0.309102
-0.107988
1.167655
0.748928
-2.536746
1.018639
0.387413
-0.356621
0.980745
0.094363
0.390264
-0.326252
2.778005
0.091591
0.115441
1.029947
-0.462422
2.555745
-1.775533
2.000728
-3.566209
-0.922457
10.804619
-1.106959
-7.006923
2.958690
-0.848776
0.315148
1.393027
-3.436210
0.661405
1.942840
-2.659440
-5.600562
6.998157
-5.423429
0.925857
5.765739
-0.897015
0.493210
0.715667
-0.822056
2.152908
-1.613511
0.113853
0.945141
-1.856075
2.856054
-1.278058
0.985186
2.349422
-0.034642
-1.075161
0.512721
0.422593
-0.333589
-3.496181
5.511599
-1.336002
-2.290852
3.543380
-0.769369
1.216076
0.429916
-0.254127
0.784833
2.022112
-1.072568
-5.504981
3.758489
0.279434
-2.359768
2.279117
0.420626
-2.234214
0.591190
0.525605
1.632746
-4.329369
17.732443
-13.102025
12.351443
-9.883328
12.345287
-14.326085
-4.657296
31.355505
-2.402704
1.523160
2.463858
-23.744116
6.820511
3.810177
-4.010967
1.939482
3.366369
-4.307758
-1.023558
15.068321
-18.046016
-0.119403
15.189684
-5.720290
-3.179570
8.597574
-2.651095
-0.139643
1.071708
-0.549164
-0.159044
2.587967
-1.306622
8.005215
14.396353
-14.998366
13.131158
-8.573538
7.003800
-0.232886
-12.288460
26.637223
-5.922782
-15.525946
10.919824
1.821772
-2.908784
-0.065511
2.498250
-1.028507
-2.685039
1.849485
0.873410
-1.945875
1.865977
-0.200747
-0.620481
0.560077
0.118916
0.187256
0.480671
-0.711956
0.380613
1.163685
-1.534406
2.456462
0.762693
1.387215
-1.185047
0.144374
1.856317
0.067200
1.013083
-0.801810
0.136417
1.681432
-0.669193
0.683336
1.075786
0.048261
3.052893
-3.015525
4.952610
3.373606
-24.735523
11.773685
-4.567393
0.482997
9.368143
-2.869497
-6.421482
4.419472
1.310448
-0.293494
0.621933
-0.158021
-0.256240
1.261892
-1.797363
3.767664
-1.396863
-2.354570
3.610150
-2.717059
0.763521
-0.292585
1.061243
0.838697
-0.949777
7.769821
-9.656809
8.401604
11.673420
-29.775554
137.179884
-121.083082
16.762893
242.005679
-1496.359764
1088.118314
-808.504633
-792.968683
1604.721798
-857.200778
-60.499755
120.358639
4.986132
-1.574349
-2.994590
4.506480
6.025264
-5.495435
-0.938202
1.906376
0.160161
0.506517
1.471330
0.551976
-0.152403
0.908486
0.581646
-2.399360
3.987528
-1.718357
1.021478
1.505981
-1.577442
1.485336
2.500112
-2.433172
0.342065
2.477358
1.010343
-4.200242
8.645090
-0.837504
-1.896748
5.789366
-5.927850
8.022466
7.887029
-5.925114
-0.703775
9.825904
-0.964805
-7.147570
39.810387
-31.378033
4.260187
0.818867
-0.616726
0.082557
15.966285
-12.233422
-4.874070
7.917740
-2.966735
-19.882473
16.964816
-8.474367
-12.390381
7.505776
-9.349623
11.878219
18.224079
-29.937287
-14.672193
58.877815
-161.093157
132.457924
-39.995304
-67.225716
95.539622
-190.891833
168.664849
45.203875
-133.735882
54.830203
-0.889470
1.372009
0.423633
-2.880578
5.179283
-2.433888
-4.454962
7.682160
-3.022354
1.478146
11.691615
-17.773150
9.753081
-4.295144
-10.780576
24.629641
-108.238207
42.698450
-2.971698
-172.859456
190.906478
-134.119171
12.750933
23.548256
-36.714431
22.922324
9.764563
-9.993796
-2.500611
21.686058
11.844208
-16.021056
18.782282
-22.194259
16.311513
-23.071939
-3.685309
16.032536
5.084325
-8.579068
10.766546
3.978839
-2.780150
3.059426
2.410735
-15.124490
12.462225
-0.112281
0.957568
0.221522
0.178202
0.815072
0.993810
0.100908
-0.455790
0.168146
0.506735
1.325079
-1.549375
4.001733
-4.458003
-1.315520
3.273199
-4.003125
0.045788
12.434923
-3.420721
-11.944350
8.673535
-21.716177
1.254793
5.258381
-2.139805
1.489767
3.966499
-4.983123
1.410235
2.858391
-11.312820
6.202333
-12.677522
11.309536
-8.463188
-4.296004
19.224040
-48.253734
31.745236
20.680537
-46.262153
20.831885
-0.606796
-5.136074
1.941178
2.691237
-1.854038
0.085583
4.391573
-0.858813
2.637739
-0.248006
0.275729
1.576189
6.084846
-8.460741
1.972346
3.216529
-7.515414
2.095320
9.111285
-4.823824
-5.283109
18.186939
-1.516366
-6.461782
1.947839
-4.068015
2.798085
0.821545
-2.018407
3.450274
-4.875478
4.710002
4.450873
-3.514072
1.643442
-2.169212
2.985031
-0.294752
0.545962
0.437442
4.711172
-1.341352
-0.243212
1.327052
0.276789
-1.177381
2.095015
1.284002
-0.994596
1.529501
1.471649
-1.377179
0.987568
0.536707
-0.567956
0.971291
-0.187757
1.846920
0.817301
-1.066298
1.446862
-0.365785
0.359738
0.421594
-0.220988
0.954003
-0.671461
1.252753
-0.322990
0.752075
-0.039914
0.397493
0.999260
-0.668422
0.483961
1.830908
-3.154785
2.091632
1.250935
-3.764758
5.558860
-0.737764
-16.303726
5.746325
3.634216
-0.933119
-2.065569
1.945551
2.121974
-0.050783
1.688910
-1.034933
3.135717
1.053944
1.027896
0.538273
-0.925925
3.670063
1.989779
-2.605305
13.019816
3.669569
-14.092159
4.794003
2.359232
-7.388942
4.560838
5.471257
-12.865698
3.364418
3.032102
-2.707295
-0.678679
2.758500
-1.084618
-1.139503
3.051705
-1.601062
-0.660614
1.948152
-0.496899
0.674893
1.303713
0.557989
-0.162677
-0.513368
1.050348
0.136301
0.987957
-2.778844
27.375375
-5.301108
-9.870762
16.924432
-4.260907
-0.154539
20.094347
-16.126316
-2.970367
58.608807
-47.539586
16.553406
11.630519
-26.852816
-5.299503
8.709742
-13.700185
15.909833
-3.720502
0.423798
4.474216
-2.321307
-0.308125
9.361906
-6.103761
1.714709
2.448319
-1.546282
