0.583736912836198
0.967473808371785
0.36778778007463
0.454409130835444
0.699982707359513
0.938888865128416
0.12151385563017
0.744629245984652
0.590739295393642
0.101080230043797
0.168807036369324
0.0287046962280467
0.150081698004083
0.392422042597092
0.249945680687977
0.0069081761253208
0.951767673278543
0.467481061641704
0.0193863188244655
0.442966255699442
0.289969073634809
0.958847238421526
0.145300406376215
0.674735537834075
0.0730183037462903
0.0470558831883414
0.434059975377968
0.586529396771517
0.579716687032846
0.852240835219293
0.218781530853576
0.756013113024493
0.833494121939859
0.0484637584536771
0.395605120191551
0.342114841044318
0.380974785579031
0.44686434113213
0.995064015979089
0.623674341908579
0.373480689892871
0.914300918813979
0.732473066104951
0.247255202819094
0.905362501798436
0.94085120720945
0.665899016433737
0.828689451251586
0.0302156418743516
0.178618137556923
0.132926854001618
0.776218196758629
0.642570249084055
0.0171243393305184
0.214674461710562
0.52398799397239
0.561440634255919
0.942541108169789
0.167457803344176
0.704191568243421
0.0179742082922509
0.42613148161038
0.243916327736135
0.602738055133955
0.936822266630127
0.200485382576317
0.307885977585974
0.459994121985079
0.966528445424944
0.093116737678686
0.421379497385699
0.930462261511492
0.22403483723105
0.124921601640708
0.469557059555494
0.194292030610147
0.139060284513214
0.854874449073854
0.0486801393905016
0.789059307545267
0.59392012062948
0.805641628274189
0.0863180398546123
0.188446085674251
0.68649622392277
0.961216446268879
0.244515093016792
0.58123558447541
0.339998826680445
0.686640268900959
0.945946901362683
0.36065121792838
0.927634116653909
0.718521960529483
0.509104071944579
0.811877655625067
0.859728212850694
0.351028737388922
0.000819668447807231
0.677684047028162
0.077147484461848
0.73348093621347
0.625860444100635
0.314983607091832
0.296432351421907
0.994012904274765
0.387474189650375
0.173387097702652
0.545411905439449
0.688144870010008
0.556540231550516
0.465675836325157
0.751992667705442
0.596419788113456
0.418013700167425
0.971974406990788
0.834882929175667
0.97604330988022
0.73783055702015
0.688100221047052
0.613335137742295
0.185163798381582
0.108798211455862
0.503083868768568
0.139313666103326
0.753812390781302
0.506970825628267
0.962384370899714
0.0627070241940387
0.813393967966498
0.948657423505814
0.0540814795029628
0.86640330220508
0.966640990550282
0.581969211530558
0.260918118124834
0.761933605618767
0.88822669124135
0.416902438512893
0.619523774542393
0.801630274032014
0.138672718320503
0.651402271998376
0.0854308996604233
0.66507797007919
0.51240729584522
0.0149233649439915
0.943934373025018
0.33025522201968
0.974160223291633
0.420803268313504
0.320615049606331
0.130324953760891
0.841541109822046
0.703112898546048
0.15328805205727
0.562442971613576
0.497306802313099
0.783620313671248
0.00622425885721634
0.215968598934136
0.356901540349188
0.630845111402375
0.804299656649821
0.843156141638717
0.1019994456845
0.11919750543704
0.140648051656379
0.970993256146268
0.439899842299761
0.055098180377595
0.394011827878147
0.772161750542012
0.316062717682804
0.481512536817342
0.735471658261891
0.04949464857617
0.636420568624019
0.155606869931019
0.233688133228066
0.563667365968616
0.199055990463541
0.00998915942919698
0.278523742584004
0.708175522922032
0.0447043427749475
0.601680195063688
0.355235109157303
0.0641258526097072
0.602957679320028
0.809764170777001
0.977036195548701
0.733008362271642
0.197063790033217
0.815882182315624
0.0139946813927426
0.806261992660793
0.258348162800426
0.181859870129218
0.0509487308649584
0.653705083202298
0.510431305852805
0.529661526077584
0.655608786114556
0.343061357755905
0.400344687239641
0.260266902668323
0.738288667164981
0.193425587777334
0.79428813068654
0.954204404041547
0.664698749134366
0.542449817612549
0.0769105580944791
0.673944045790658
0.294631870459404
0.399588588824009
0.668488844366492
0.308806671028477
0.558215507428725
0.978794709259188
0.207586273667734
0.297379963559256
0.379569052439663
0.948545659024282
0.925676742014547
0.980408655521958
0.150930254742099
0.969178858673545
0.707612791151248
0.67817633849207
0.0766909805488901
0.900798517330462
0.333231678922085
0.794277394613234
0.0230771362705369
0.673513601538822
0.652939610713505
0.931065797903452
0.16784185787134
0.706791674356633
0.593875271915681
0.830471659974137
0.94425766528781
0.692015962635567
0.229964551891393
0.828874769204051
0.495096128013339
0.260636840668048
0.469003005950268
0.778608401255929
0.503691200307278
0.645545500195576
0.420898896530529
0.740243913995456
0.724257240451078
0.958461956090839
0.708977206932698
0.458296046651799
0.387953206246312
0.843061024501123
0.654889499434083
0.110525168982838
0.404601895410886
0.0455209390668662
0.750114701351091
0.748849507241118
0.725777939565092
0.311071277502347
0.0253754835438547
0.128912285125683
0.264456523106173
0.514848137936663
0.14989167664494
0.434721483631736
0.802721993630086
0.035083663222151
0.624508394189487
0.189838044696965
0.318137436120326
0.588471898281999
0.922115912000613
0.632049574124694
0.391965266904647
0.105513600859829
0.64939230579761
0.589670167187724
0.0300098570234342
0.100772529477318
0.815594647400895
0.564438022395483
0.795652214869725
0.0829869080616916
0.884598259310235
0.804531885942136
0.917872157329777
0.24121255536271
0.268512457989341
0.567526658525932
0.0895687337912963
0.950683802884046
0.243334695780159
0.700365955644666
0.188535475486656
0.409088923565148
0.824936359766765
0.992712200677407
0.525936535464451
0.405066249444804
0.675881476792011
0.716394636507754
0.447716956558025
0.386593233412647
0.103342198155556
0.843183340362775
0.499243191101349
0.161769474593823
0.677776000433791
0.80323546041382
0.84839499605994
0.496138584345158
0.110762422113138
0.0391158811593864
0.5873970020378
0.397630277378941
0.674860840320618
0.547203239026705
0.440957434289586
0.141624469733967
0.0766665644634222
0.0485526814336746
0.541532031226224
0.921095232430325
0.0652447945793735
0.759788355327146
0.458463454732632
0.983261521794602
0.195284969995025
0.422249477172384
0.471721398733113
0.809755491839085
0.393946781635709
0.763746744223303
0.128844002360381
0.253901971386366
0.139302822586732
0.913993542853218
0.786420850007425
0.186959629994562
0.910574195310572
0.258600255599309
0.580671795534366
0.302944017819698
0.500009087581587
0.293199002232767
0.515066632147721
0.799545546499577
0.543924045089475
0.0645337689351873
0.238484234833585
0.626928038971143
0.39568791872959
0.610458378657217
0.832413802236416
0.40181197818757
0.0790729561269838
0.584814062956506
0.988104154770014
0.800222834765728
0.443698673752602
0.626206042599063
0.157220133940773
0.571110249659611
0.503917907339415
0.614945206522798
0.681633291679706
0.947436514506241
0.196616551006435
0.17662179726526
0.215568419128422
0.425825750097567
0.709010963616451
0.701452578830855
0.498928836874296
0.341999179552148
0.699179316651055
0.212102108424178
0.223555540969378
0.357119737285867
0.38150829665655
0.75625004773134
0.788396623185055
0.442476514509864
0.743490204279843
0.753286087177891
0.029813990846146
0.621675302801928
0.673508576187914
0.39553225874307
0.188808365031068
0.382730800864785
0.904963863468912
0.934222290928685
0.128633275960661
0.792684102719013
0.658207863123049
0.133332654405864
0.879503574450353
0.214748714087914
0.362616885165318
0.684477972820285
0.46346514571037
0.924213272808258
0.0900034657848563
0.489393115070842
0.375430135341495
0.0170341279659704
0.0619719941307667
0.0501578418531066
0.184881742812621
0.075469008500755
0.00403979521272801
0.506982949317085
0.434618355460487
0.0182276543950757
0.4596432497564
0.707493156105346
0.0784778195661315
0.758207527018478
0.298721365685636
0.574928487297473
0.724135304971056
0.579578527143579
0.72716245564076
0.400099377587378
0.563155126378766
0.191526688158307
0.997934851693675
0.714227938223605
0.757947900775344
0.97002954120703
0.124816023275572
0.697199016329151
0.361181918593899
0.939148394951107
0.102833599682275
0.783840293156043
0.487057003295191
0.282591926245005
0.877805939447975
0.813220063451107
0.363941324275198
0.588201710704965
0.831522993501092
0.95092670301264
0.272495173124949
0.260307278846335
0.489656365535251
0.097411819099258
0.54076564312864
0.443206187912819
0.844970976709444
0.649204321356148
0.619271451049561
0.322353007011883
0.629234559970444
0.44542326542353
0.508176942205084
0.939689733000364
0.988980500987064
0.725484092310685
0.620306149772953
0.623921073810527
0.0543776505054292
0.974835145563968
0.714233655598819
0.707204246303321
0.0274163437142715
0.644231729555315
0.111502479143654
0.638484041974066
0.810376583390112
0.752535200638125
0.145313538961972
0.35668289479009
0.88933740740355
0.420618201923328
0.0832238177693663
0.370533535220163
0.300561328313133
0.974582644585416
0.979514281152682
0.580324103550694
0.646806394645133
0.552944537570232
0.423596633356988
0.922114379989347
0.763900726207944
0.558272592115827
0.851770425327046
0.0336542445411336
0.0597717304443943
0.530153068387187
0.164921713079706
0.199503119870571
0.210571784416574
0.12371899507892
0.329892007296597
0.137064273881862
0.453794683520904
0.456391652104649
0.280183966898119
0.191744366159173
0.918968403261755
0.704211512843927
0.456065983132448
0.308321397557247
0.924030003420518
0.761913439138295
0.909057859507106
0.220694025338318
0.174465774904147
0.33818459204698
0.428316582172703
0.363618249899433
0.490194724460309
0.477735755522102
0.0283643675377394
0.0956667592134058
0.906786016894923
0.723159712466025
0.0664865732520381
0.332937676815346
0.4214707507535
0.875444506342652
0.271610012276357
0.00422777982999045
0.889880806572587
0.201600263383787
0.442009775720177
0.707018606566597
0.117905290349633
0.981252830579204
0.190746197415472
0.42174686765117
0.223198715915807
0.819623752376062
0.0436741891537911
0.536772347301867
0.719713522000883
0.95677671568011
0.671728870417142
0.566962361472107
0.550924322444038
0.762262110939292
0.684302552625217
0.748072109895573
0.917475995380936
0.897694753684431
0.620698015667955
0.415938996446778
0.873818239181163
0.275563071255741
0.603005864745939
0.499455758728795
0.494212864801026
0.323786040557935
0.981171146122411
0.299135557170736
0.0811358083837855
0.328906486066496
0.482241352058386
0.959852121220081
0.0955358295309441
0.44613794123302
0.591456057727808
0.097727313438924
0.751036789304045
0.817678010174124
0.0655168182708075
0.0589860314643729
0.240210591583134
0.685213261060469
0.13388498274103
0.132573706207054
0.451162503045216
0.314039680357808
0.229528273302837
0.421829419578171
0.448027775511913
0.220114071808387
0.219101440715367
0.289856621386836
0.700531861615829
0.0679226173533637
0.806188492212905
0.197926135125339
0.893667887956769
0.463584436635311
0.526816105441132
0.0895696992512526
0.0714621293836001
0.6216651141417
0.844160491651871
0.47605763025954
0.752571753877183
0.163124551784749
0.290984055382629
0.517958793108234
0.21742196190322
0.146132326059852
0.178015647640298
0.6539235136433
0.605829233416919
0.474511380293502
0.207736796449951
0.519061462932271
0.192047571359977
0.541123654869528
0.136039483969531
0.537935860984328
0.646226133111283
0.0464671506407508
0.282449710639873
0.427061531266498
0.857355515993689
0.964047949876444
0.288000865679762
0.98353499172429
0.512204350725591
0.728106231475282
0.554270990891837
0.89598907029468
0.218661272948524
0.744960723141234
0.687370842255263
0.266899733149176
0.707023602644239
0.390225366338108
0.165627813556894
0.604555493208583
0.901620478806205
0.346991979531624
0.229734196464601
0.0297493709189742
0.784780257516026
0.251860234512497
0.292135470941884
0.666969582787395
0.803250202905464
0.0238742473374203
0.612074966758816
0.7809078154572
0.1752693605512
0.396443374064648
0.0692170580926602
0.874376437599546
0.125957280099826
0.519929838560998
0.447487649244998
0.444875654838953
0.00766485764265323
0.941542968292542
0.300777212370526
0.401615028575638
0.0530484154842407
0.875794015201363
0.680797334679883
0.293981193650062
0.511939123313814
0.828715870328649
0.85733803835909
0.213812139242372
0.996919515689567
0.969816762313327
0.861993256323949
0.580867167547807
0.163806542940923
0.529551958622731
0.0262099300972269
0.508044309554739
0.133272314382849
0.894926525533661
0.980334892214273
0.762462898366705
0.16054525522211
0.480483891455082
0.517141476143687
0.367742992142998
0.897876729185387
0.51376496426514
0.252929491959032
0.643364881285384
0.220937945326571
0.0900555044022243
0.866418685141739
0.880183725628048
0.915229295082669
0.807398250085104
0.910287010709775
0.863407816028652
0.91810677207285
0.0852053619833955
0.782516878627605
0.636879377851357
0.80955318315082
0.896541954395937
0.286964627350355
0.954416176520375
0.886521998631438
0.209308405950826
0.940253837076136
0.259618328429044
0.00510970514179432
0.264886014945704
0.593763573791671
0.100250691125386
0.900444181064455
0.5262670380874
0.340132131728791
0.381663739222267
0.154225963020136
0.459406647264731
0.905556546344041
0.613912621069547
0.386338693691823
0.668636926771185
0.611267324646461
0.263791817757537
0.232696562291813
0.433663789438519
0.719243350849592
0.0710804940107548
0.661215164477643
0.61224493421901
0.387124845761379
0.203709808456732
0.782162536592774
0.834587675669121
0.365769462626687
0.170891026267168
0.108540061404852
0.260141561609391
0.0318050336077005
0.0336331813147424
0.0964807469211145
0.904869485195693
0.388126303389926
0.774380795053691
0.192328060379728
0.827361139180388
0.609821496106335
0.892330067424682
0.154382726474401
0.635930638802816
0.489183553848176
0.64426570258195
0.202456729678615
0.221545102612138
0.998658223713653
0.910123190409289
0.0202385694725625
0.673733672997084
0.311763009410192
0.94618972689341
0.172189350900614
0.527938886057987
0.385421202736724
0.209733592292961
0.606421887949336
0.517787434772869
0.370925227375161
0.980896937416528
0.184497907128091
0.399736364746725
0.38879289297893
0.921230203611406
0.987857864550083
0.632623147373837
0.354943073498103
0.502600628605552
0.0933556960841918
0.431380629992417
0.164923471710655
0.554939758938239
0.557300812650101
0.622718207550909
0.665307359035637
0.557924913659675
0.225394997305757
0.495709815794915
0.065884474199796
0.490161388665045
0.623862607985348
0.867991345801543
0.363272626084568
0.40245064271035
0.841344082174149
0.170563954250535
0.636034071310123
0.793066273673171
0.303220959712927
0.89431416140378
0.818137369874919
0.540083789385918
0.609949191403811
0.0984610965403374
0.19677436906097
0.531988643830651
0.0954352566419867
0.696523436572236
0.0872021533561566
0.887081877585616
0.0107927785883343
0.603380308709192
0.519312609188475
0.168338817470675
0.357183187397487
0.871393378270709
0.68592649877957
0.346212406447479
0.783845371980811
0.418117767677898
0.905695803338747
0.589954470520749
0.194875357772762
0.235297428821954
0.488548026199395
0.263488200898428
0.903806466957881
0.600787094977278
0.59302956254754
0.450273580516499
0.297613523432557
0.971720031944831
0.0301391356321895
0.265199904317411
0.285733573072737
0.974906308271714
0.546426497642467
0.624515855418347
0.476026869715095
0.964440426772034
0.867907551095992
0.54298699454305
0.931850670575788
0.152992110007814
0.239013514379453
0.274293983060917
0.752554689114165
0.0307934687455806
0.853539330895756
0.315387999978173
0.513976250278146
0.493632229827102
0.910062290967478
0.401714617614989
0.693134449813071
0.498718624056738
0.48621238471323
0.330610973042334
0.587286776919473
0.923526710187804
0.66733805266415
0.789684063443389
0.391256904873594
0.345130058560511
0.909126367989902
0.399488385219344
0.186442328121575
0.162470694622775
0.752438991303206
0.533159762247757
0.73508393247385
0.897348515994463
0.117298041977625
0.227915726308864
0.52604020464351
0.30575449161193
0.998130129243823
0.425508451943066
0.568540342775297
0.952704641632383
0.917316500254576
0.351541393385999
0.406874662367728
0.230211823866066
0.115689840812106
0.871251884455179
0.139583270509977
0.867873620877501
0.639107311368267
0.344162732212888
0.648667809388807
0.520941561011607
0.352730935366415
0.836410148807081
0.0837917823706034
0.951272095223641
0.808808318993371
0.91839049772198
0.480293612656164
0.613900291920899
0.760684505666784
0.579189270677624
0.337060164515
0.908656787460941
0.601028947544217
0.80015069125718
0.0672056287555929
0.749952171554004
0.530564297085161
0.950201178208299
0.654663802388206
0.566994787601691
0.343086267474641
0.76611982956082
0.232708593637872
0.157520469933812
0.787529330530164
0.40875163927631
0.335650376604889
0.170959987855787
0.143169691659982
0.652082643942596
0.808763746081852
0.0143934554092288
0.483756202210893
0.00808323272519285
0.0239838844275786
0.023931243147614
0.928257694973531
0.239790958124394
0.440835476553872
0.978642853130868
0.831549431691752
0.782267873475658
0.722719846426089
0.0117570633833917
0.500492375202265
0.618744189895113
0.71644371802767
0.913584838609243
0.795330708033526
0.118943987576348
0.16855702162096
0.684176820303896
0.729409472172964
0.682961230861837
0.489797366603105
0.179615591906543
0.00943287611897137
0.36714678156534
0.323018876319222
0.791762519888934
0.755242058541901
0.901012491781302
0.156346987464107
0.813994000415259
0.606920389073732
0.257389388479312
0.71366433908801
0.824249984919697
0.500037030412834
0.296407648277246
0.929057155185606
0.219976872260803
0.954625924729668
0.965563261685434
0.342505696331714
0.85756023028363
0.456868037005204
0.113502241035721
0.702651224759303
0.0755970293191581
0.687136968880479
0.858133832460288
0.748525977962771
0.828690432709088
0.446877350125628
0.437615651376772
0.982288731696441
0.504642616422479
0.0720969004082814
0.0225565112316982
0.475955615917142
0.594747082426861
0.929204419653127
0.820452113643214
0.174690208950528
0.801068447984154
0.501331051998245
0.471775552184716
0.13560841282536
0.641466872243238
0.630362168166036
0.926580420652277
0.840365488835714
0.753192330211756
0.294504235997347
