0.499557855140048
0.629541661956613
0.583377863969025
0.596433550721498
0.393714908989901
0.362788471347738
0.177455065139974
0.990671445609047
0.410795608802908
0.505959420273758
0.707801622467121
0.421286476922155
0.0143815718194226
0.0319133123706343
0.490141707105663
0.604654422119323
0.888616180886291
0.00465448626871701
0.556793590183177
0.181407303492544
0.753356149320331
0.460837429494695
0.99131381355553
0.981975830416904
0.216714045786652
0.739222086102445
0.215385660275362
0.675460614190206
0.136125748587912
0.0350032103660662
0.152584325282986
0.088919464413359
0.862322500471321
0.188913106187367
0.879589170128434
0.950626054513919
0.972360095973181
0.377721542256288
0.322478238421334
0.076075187837009
0.11743619148621
0.396686709225609
0.0433352357132061
0.6067277924631
0.154959995343196
0.172327568153577
0.354013413258192
0.385129720026561
0.434436722410726
0.995040405935666
0.249165608178572
0.447351127751748
0.335560203231566
0.168702203937655
0.330480025043998
0.761678375383439
0.615560353304272
0.399053609160843
0.196693916102682
0.972834839712415
0.886001485297223
0.388904126661309
0.949065130846697
0.59366086026321
0.821594369917267
0.512543232285462
0.0534202889247823
0.644081764114738
0.266780507360927
0.470162344636526
0.510929518866786
0.507192434834155
0.787025449844979
0.876210877191558
0.477069482920842
0.225794739866281
0.222927039067914
0.218837362407309
0.366915357936943
0.425812842714442
0.92132492244868
0.626205417536516
0.870859979920025
0.735798420822837
0.228271147761124
0.152887121806175
0.557597741745572
0.838549957294429
0.303061134040914
0.38824117162553
0.808411983827084
0.544315409568834
0.808202912647296
0.954983113265663
0.938687905363563
0.514247711724041
0.696948150182258
0.930845401779668
0.0822179388621168
0.813857753730069
0.40978162149324
0.826860891335376
0.449503608751733
0.840091499918958
0.141140723115696
0.945621932421723
0.44551572425911
0.408217625686271
0.261567530645326
0.000765045496610606
0.709084165129947
0.527461188499821
0.744677202112866
0.0918331361116546
0.394992835262253
0.564727843213303
0.124304723804477
0.430419259105601
0.0708441654782813
0.400176694905938
0.0665911771002597
0.313745551485749
0.79319550390585
0.73101220304462
0.533430089176274
0.789543402906629
0.379905314907245
0.435771770541105
0.0168737133657287
0.445639622779343
0.716278459009657
0.585262445406406
0.772907548719776
0.189868967778694
0.566013959608989
0.955554944407477
0.957674102390775
0.654575712404797
0.979940498525268
0.157472185516396
0.0569140643212158
0.0265391462995254
0.869468112870471
0.687777714840864
0.529260363474254
0.687995905686953
0.807671702329394
0.956830445877471
0.722870913963055
0.0949764740658636
0.171770751041389
0.383380278911674
0.0289652897994749
0.0449400869236344
0.402395589654166
0.578903504296889
0.492262082005526
0.00381263819582078
0.498648311425683
0.519913579020273
0.81054263357164
0.469008555071071
0.532421577539983
0.787580583911548
0.437141888519194
0.131737297901663
0.224835467491231
0.133797831528874
0.400650093865326
0.121714434447795
0.812459061346975
0.389372232036952
0.53650918516548
0.13634963161028
0.848294407969058
0.5649926437315
0.83054984126859
0.994438244257857
0.325611090814413
0.503193688940563
0.740517362135831
0.577587027619748
0.681240427741064
0.0847980147298378
0.681871157696979
0.637389635142433
0.176257073926492
0.947028555131059
0.802051737754876
0.0274517665655608
0.837679719313351
0.140045799476403
0.71201322181582
0.435336760985994
0.972256350711885
0.13848477292103
0.0656152678899165
0.129095947418154
0.165133854411306
0.204903953537088
0.496046749732624
0.607496621788067
0.645790981526815
0.653228870327929
0.611063267111963
0.762539934494187
0.442780146202362
0.268474670581863
0.159392313790849
0.53966829513072
0.258811783165558
0.86248265188537
0.863300141676277
0.678185278658114
0.896725940796067
0.868541472682231
0.264926371903675
0.254396932652259
0.114861608292143
0.169414669243158
0.235674270654886
0.665912157751843
0.355659802526972
0.198738078691739
0.815165641794779
0.84885263971505
0.281125486695633
0.701329299857177
0.654497037104118
0.310056073023936
0.113858893495871
0.268557221889752
0.0268489243944836
0.442459345982779
0.486390940277666
0.621547564970409
0.503015712703996
0.0737744139469924
0.724324703733713
0.807600840971804
0.723122843227908
0.265299760308018
0.863654559898398
0.908413770440361
0.484296316303406
0.0479649780494861
0.850981248817669
0.948433803466553
0.900257009990706
0.280967555569918
0.786342858706511
0.231234479628468
0.412394344017389
0.771769027095769
0.178397022239125
0.561354231776962
0.407287522908378
0.141966593549795
0.516971072172862
0.0296131822313355
0.689951059460566
0.531775717152465
0.689953775889199
0.190863622073579
0.550735847132609
0.055507216800482
0.741587583994536
0.240687203538188
0.21545871386237
0.0995163691493874
0.255122248459694
0.794000972195577
0.956592015594439
0.976781820587411
0.190390337180513
0.506397004589186
0.725657243797164
0.510821847651627
0.901092453831633
0.628047892137318
0.204001996008618
0.53519411573407
0.6239578253734
0.289618901794101
0.580116844155206
0.508866306938905
0.81443916104013
0.101498702337788
0.522593648283835
0.75996367521498
0.271661881440005
0.0295969293847556
0.767376157087615
0.0711861991247473
0.414463099708459
0.651230047836061
0.40163512905015
0.318116971369997
0.90674042234718
0.384916889509478
0.292632842813255
0.0938496447386441
0.516971120543505
0.733308219549146
0.497411833364725
0.749479712608091
0.126171318583779
0.413546547229094
0.803880882363338
0.0100583110675764
0.354842609869422
0.0862676986683071
0.072519068630114
0.920371308154518
0.842853619523355
0.816695445017028
0.631106329201966
0.310792429229485
0.955614840354781
0.657180994910258
0.964108825037287
0.444848812196409
0.563374056106326
0.253659319496264
0.269121019787828
0.211043639729164
0.252762988996053
0.670711452425086
0.0961792804615397
0.641326265670223
0.150771997518596
0.341554734114574
0.552208578824357
0.0287254470146894
0.873532165429691
0.777804021663689
0.313304947077666
0.508326643854108
0.784515991740066
0.491750287014724
0.271767896083961
0.0480401934402791
0.557342129855734
0.678752056246961
0.180099403107095
0.312838139366656
0.690481203199308
0.193928355761149
0.493087642119112
0.278946997576431
0.992231135349512
0.793467736607689
0.0158992172325989
0.366716033294371
0.819962292439375
0.219793059090062
0.701328562311181
0.670632294891317
0.471040188654654
0.90992747286533
0.0382835338738382
0.591051588996907
0.697565893529982
0.341247497518803
0.55867456717002
0.707273261080758
0.802625695721959
0.664410165005407
0.404874959798283
0.700096297834029
0.0979046752082826
0.750784543043507
0.192650834370151
0.924835113348947
0.466682191078808
0.297745945593277
0.285875317156133
0.0653867128769783
0.796616653135911
0.976647264224183
0.416934045476567
0.00437357602804378
0.921635702056076
0.645205980661783
0.98896290242345
0.0699047626693348
0.298030932079306
0.57656396404786
0.446183700934212
0.151358350287632
0.193828403107731
0.278343578125981
0.220872409580162
0.435718022415376
0.544869984665426
0.931399303947582
0.878529400294395
0.958471069851704
0.0887950517966664
0.936239208923332
0.150815872764754
0.183872267649344
0.837577401094594
0.585715437037165
0.820821435561044
0.0865822341904009
0.825406437131104
0.691953686950374
0.526846784487763
0.265879700287988
0.151477758522345
0.987797021608739
0.781916117959775
0.664583461560368
0.596878428728
0.345316673183592
0.968359426823833
0.934167711496854
0.0678376721910819
0.236523897297843
0.271494286484813
0.289533719665075
0.186350436490178
0.417857786863121
0.528437452052666
0.556456551881726
0.855186383897033
0.0923856157780532
0.197249929781908
0.25661615218268
0.223511586802667
0.222889202635179
0.684270519727207
0.404470336776443
0.4485044464765
0.937395131454954
0.576507212817426
0.517671179066943
0.00572495785462612
0.306115972993919
0.678146808258955
0.940596926341011
0.483481997745157
0.726669445774617
0.910115966830702
0.872365249247914
0.61889073558178
0.240545665055037
0.114006949136693
0.250217969840238
0.510040800289774
0.592334788815351
0.653542396947193
0.671596191769676
0.416352325930254
0.560226593068352
0.443009444583036
0.890218427042143
0.348506296848727
0.863807659577769
0.0424790500382612
0.946516041072357
0.57201184434041
0.195549762792621
0.605528303854987
0.997355229012639
0.891803587837272
0.586473046406322
0.0991328886675453
0.429764959012966
0.913977058508254
0.246528945186891
0.484114320685786
0.544860271560407
0.181598858080946
0.535807818756984
0.481922833834767
0.263204232495756
0.547393307188712
0.829936585150534
0.363117942712784
0.520101037435253
0.165638325820665
0.955858543256201
0.470901449225714
0.297349109433037
0.634024163408959
0.129019364127584
0.344056968327568
0.186872954218514
0.47010886498323
0.09818715246891
0.307705143878487
0.80085004310856
0.148144169629923
0.516249455802154
0.148348406316876
0.785803047369339
0.64975581743212
0.234404355917563
0.225109943588258
0.699080351995597
0.522903400073654
0.119497149664372
0.235645094447376
0.0898218392165022
0.235954689618805
0.831945561366193
0.777077248277592
0.335220889841191
0.1926700017109
0.708726335382707
0.298534880755941
0.744150509283058
0.435243866962567
0.931066530738757
0.204388094482981
0.795277627472358
0.31812088339645
0.780188576101591
0.370614953829917
0.304807876448129
0.195166160788889
0.266329534161841
0.790028241126469
0.537156737007336
0.590347341128152
0.0735444363076686
0.348323297051062
0.175264989795238
0.639774451667923
0.0030448869432369
0.464000883825682
0.502770780774932
0.177570022531493
0.540865586861068
0.50021013648866
0.829329278545575
0.434590201507559
0.445096874769705
0.705902438767635
0.381167602914736
0.638432917859973
0.824249788391669
0.246975318430922
0.387646796415026
0.63959737374356
0.626757110934864
0.132026902822858
0.198665598848865
0.337333805697919
0.855244490536477
0.17603044213133
0.00383895149639601
0.840132388190814
0.964724709135858
0.69619418338913
0.674755571851016
0.541238336227567
0.050603648725143
0.732703592660749
0.81274372324729
0.458344210582528
0.557214990791693
0.252775828759596
0.752283553208252
0.544648130241293
0.864829033627736
0.654343384926237
0.74155735734861
0.537847007045146
0.714712770546226
0.702228553139965
0.342735573550149
0.891753374786714
0.164386394420882
0.594111723065211
0.66808531341183
0.943806364119447
0.541751105327557
0.7411839855228
0.804450761861432
0.00961692819319759
0.540832824981036
0.435543999221527
0.00589784984243846
0.775971695609429
0.145872530757749
0.476641755621492
0.94498738107303
0.648488675440581
0.976967382020289
0.0316683229169866
0.467447165142793
0.267080630733551
0.586163371764662
0.830703417009177
0.975904923070832
0.266315609024292
0.601250257633108
0.217377634134308
0.161692909196889
0.724149224552843
0.880486376442434
0.70082989195445
0.299368553883003
0.234494818211698
0.535431715509295
0.72784471758854
0.479915424506707
0.719939237725586
0.999677988393358
0.453121979161871
0.777230076776337
0.537352703804805
0.330276809331379
0.788933181070052
0.805646574250004
0.983977111199001
0.197788957655357
0.796894719919325
0.1092439710348
0.969181488064328
0.102114600545586
0.574797800145872
0.788684048112899
0.105965210425825
0.599607188949936
0.313078148234646
0.172534177229515
0.828283080016105
0.418123106021301
0.82434988921383
0.647796941606522
0.114300640019739
0.649174151629287
0.289702183538445
0.736384075284775
0.0144595400706535
0.310360249053287
0.637999293428697
0.0523667266526725
0.447410990178376
0.00160461871359896
0.964463550319032
0.203222937907533
0.601974706348656
0.306703306464161
0.793601608902421
0.0475701839143373
0.0691271675929082
0.783205969630617
0.100837359223613
0.520195864181011
0.776369326171402
0.253183380054597
0.459169637989292
0.0208472821120401
0.442592783920745
0.320385026086223
0.68469867539445
0.620337657167569
0.753563106224231
0.570095011770377
0.206819645813131
0.506180324552901
0.0604882190889615
0.385181359294058
0.813328740494227
0.0150995707018443
0.243454403990437
0.983906087044765
0.722769798098004
0.480326142153923
0.53178701863676
0.231659178361992
0.666673718670381
0.523922805616711
0.486606253183728
0.425566509077433
0.153852269389367
0.566807575879728
0.504064779664975
0.707029250373526
0.204531235007719
0.555895732627793
0.998656649692005
0.738529827850353
0.170685996849223
0.724039584666281
0.444095136321682
0.889553608092649
0.210238835063873
0.236195791315872
0.635938634635096
0.0120737838021089
0.914374021013689
0.36186726931019
0.218539853203253
0.0865420521609386
0.787282216075112
0.671664726099227
0.490223134251864
0.843514565408001
0.957856159006489
0.819736846647238
0.671725488861448
0.609955592540424
0.243176486049754
0.192729042846666
0.685741393077293
0.547043256394866
0.758073073059931
0.837962990911733
0.805149320282863
0.140347318278211
0.382683304471028
0.996280851177679
0.968979757478518
0.770182222211039
0.839945905746561
0.707274434040785
0.390830231163741
0.311896330366218
0.777312026913237
0.55756509368843
0.00184957107307604
0.562680116796877
0.565486513160209
0.409073694621745
0.442684173131833
0.714509945640893
0.767023862552989
0.752102553123789
0.474150529665367
0.00660899451005359
0.277763542986238
0.395115319559571
0.909557729412713
0.485027609850012
0.0190950862946631
0.932261178218946
0.224650220012028
0.739932540182513
0.406559916671095
0.271864761626103
0.70069634289768
0.894978786601545
0.0257686370946917
0.280887216239596
0.656283009651898
0.72648212030311
0.727345426088139
0.963364012923978
0.0712642965396012
0.180395977882895
0.978726157210771
0.146579124869391
0.886214658310325
0.811667107816317
0.611303296780965
0.431224050195332
0.347779586631569
0.999339346930804
0.25795877464829
0.051811928897373
0.560823805201659
0.863002760131291
0.206282220952501
0.549903243363996
0.980494954751085
0.255669591424182
0.764068324126064
0.0909211371196017
0.717802429387395
0.139297812084215
0.204096965404736
0.43098508674341
0.53097339472423
0.418657346018781
0.980485693305867
0.875005888046266
0.248283798232124
0.935222429945336
0.529562029458775
0.717551711517895
0.606720207308124
0.713810410172554
0.668046810133281
0.18257809331774
0.611771782613069
0.90156744766032
0.355189402034463
0.0572084514497833
0.44590262563351
0.994882808583451
0.749513136476578
0.136358231265438
0.768316533495998
0.790294459642593
0.976006391662968
0.704127877940189
0.242598166272194
0.473253604599313
0.21234779360008
0.984863181655422
0.519279412216248
0.400670634048966
0.622666068879327
0.3351789078926
0.524671080091716
0.949915840876144
0.88489802660104
0.844655459451685
0.963917338524709
0.627056474124826
0.581901103602993
0.138645736515466
0.964297014743893
0.467513112298002
0.158718467908857
0.0645625044233532
0.965090239458556
0.58779291672709
0.201826344082893
0.445173884524186
0.586498300344247
0.390189525278884
0.163230963596382
0.418392126593793
0.143709072731338
0.519526966482481
0.0672692954570459
0.0125885109328642
0.744482455623548
0.563686514447566
0.710734545411133
0.990129123410374
0.828015241383204
0.114427525281296
0.922924336631156
0.362040511647871
0.0780777954662661
0.0996611091739068
0.388080030569138
0.729020509479191
0.338638837281677
0.278747922456143
0.232244687145332
0.0854721329741447
0.256552778932769
0.573126236609728
0.868714063688858
0.952592103721648
0.422274649250961
0.350555937775883
0.278468709489676
0.534730723523499
0.746300981056927
0.918456019777186
0.816272484212022
0.879535226389335
0.408364573574067
0.948466556863463
0.86426729378783
0.0732008548607589
0.415655546309446
0.346560047930368
0.647258864576904
0.420264546404984
0.81735105207664
0.861028434772624
0.416293251713978
0.531995925031732
0.514761201505506
0.392210976718711
0.212305446580465
0.579218211229453
0.504346296009549
0.702066990605063
0.0126126165348635
0.966060605163275
0.199658535084908
0.872165242656451
0.361899508301712
0.49805716024646
0.105222266899105
0.28073501652409
0.995775162397815
0.606113038918629
0.224867249501622
0.692048114044025
0.007736747371766
0.411941668217226
0.26151845952856
0.961026367144358
0.787527253207517
0.63766764629711
0.906369308905822
0.26826820489897
0.305605668731202
0.606316100611723
0.690987847217798
0.299274826687753
0.168166914192763
0.919688660790364
0.996918844186485
0.917366357578353
0.46217968692536
0.38824144271134
0.603720922597277
0.47672328859762
0.869290447346645
0.129835347622712
0.399632371395079
0.700336921397725
0.160912051973698
0.837449136202528
0.440555555356979
0.680941886034062
0.552191469724376
0.117719879256596
0.831742973045932
0.845071581823236
0.0716538233091888
0.672914264336932
0.347294731116471
0.97211080935261
0.513618594260747
0.613522154151994
0.665863221637285
0.748563419677314
0.307802752679544
0.703694955843456
0.179688136443586
0.693158543354935
0.0453868807436482
0.204853607127351
0.592142773252882
0.213908794763113
0.196454875284776
0.877437917406836
0.198139274233648
0.966899897084043
0.865497521862418
0.879377146128878
0.197756440223398
0.895056842405739
0.109602156954849
0.196020512152555
0.593791406468054
0.619356668415059
0.176502542416326
0.175106991998652
0.0821374028482463
0.06947633369149
0.0167690580887656
0.130158802577713
0.614231732775216
0.814423594322323
0.993525823817986
0.79160700170905
0.619110962153763
0.657768347899118
0.448392162109043
0.7652532374515
0.923634165978498
0.287212696364529
0.450680997050076
0.90917693732597
0.489151036435546
0.0197971623531018
0.522297377028345
0.272870213222033
0.674028980137172
0.423914136018715
0.720563712739841
0.108438277752103
0.594404750596572
0.153284608366902
0.470494065852903
0.159564597764492
0.533578657318439
0.126764192863473
0.565477051061453
0.720010376591421
0.329047175916999
0.766321050761451
0.133053276226016
0.84258014985586
0.861828496041478
0.183687890196679
0.302545848869971
0.949736143107206
0.438286705397018
0.441185660755722
0.82878145499659
0.65711033361605
0.519359490756526
0.840678305616246
