0.0684056344523551
0.570899106568864
0.125857494318262
0.514394407378108
0.0255078377995737
0.397268794176875
0.679042942336143
0.756373716613126
0.962427374194415
0.188757501553123
0.870765868169689
0.807109673360827
0.411568458006515
0.263078001977273
0.85946987333925
0.937439299096075
0.822617215131737
0.652454191824485
0.875844285666285
0.0989596593356937
0.661039343014841
0.994907967480007
0.259567482965297
0.0356224613729806
0.382660972873209
0.663222592999289
0.645662972930774
0.926178535382789
0.893640986022697
0.755496617155358
0.397660308099907
0.0620558961286996
0.872883279219664
0.100758372713936
0.462918119190058
0.10760902048535
0.677862170116822
0.972302871897309
0.515358496377914
0.816756887852992
0.394483461936665
0.654323202864676
0.0882356491615327
0.0615462074043643
0.662250715348914
0.227873512033584
0.795527433215491
0.849610825394469
0.452229277453182
0.888986833293095
0.38275985679203
0.0175680515090266
0.188733497062119
0.233637869449785
0.16274142995761
0.477486223958542
0.479640214929917
0.0725941365110186
0.0610242733701929
0.146352794577013
0.177773650457619
0.023590591078278
0.0255668061332263
0.533961690086845
0.934302850516789
0.49410555065759
0.496499313746945
0.427982223222912
0.736501090721517
0.69920937749935
0.612209381827491
0.208858719702504
0.25913848605088
0.877280130991966
0.384671629269963
0.0696610988297789
0.130258855789327
0.0382786284286233
0.428338057677527
0.397585413969868
0.82190850209383
0.61551896932038
0.861308018269887
0.649428870709162
0.12907186088239
0.621654705466402
0.842233299400629
0.64395678781948
0.971244998296475
0.401544186310629
0.7415236042374
0.729697039475652
0.0482147345132655
0.969689900201945
0.906809107562483
0.536132473900077
0.498802437690377
0.025411165464842
0.676943919581554
0.975102358671244
0.615588629817422
0.109629266598715
0.666876076169391
0.540551994659207
0.166307071313088
0.538025546812263
0.905486412550846
0.0929091810699628
0.590518766268723
0.770144145664476
0.680593936274155
0.71373932128103
0.870075151859335
0.0360841705680182
0.997075191415954
0.730128084530481
0.574630811994302
0.00188845957172989
0.596533864413859
0.337014541983585
0.558890317500389
0.229454392897843
0.0634694339175859
0.736989604831217
0.592462529293512
0.779666250675422
0.61018914312673
0.656868903848264
0.842875592662317
0.878791109848864
0.324707784067066
0.901708695113683
0.391202183375822
0.175477191748555
0.822613194982512
0.83721502021642
0.428751563734077
0.0690436524272157
0.215431992238448
0.59198218795899
0.766483393792283
0.165973819616539
0.158526504084142
0.877110268273761
0.0855753539674846
0.942360980653902
0.816962354431837
0.415029238537522
0.748085681877974
0.376219048943981
0.534995513802359
0.231007231169919
0.23042253915884
0.85347706456599
0.27609253480463
0.995108791927128
0.762942000330102
0.157859422769478
0.588784303189131
0.261220159500231
0.53400385079469
0.847627677628376
0.65299818868861
0.350658236388611
0.915862338041449
0.205141034399706
0.510896274562639
0.217066702604992
0.863551074475893
0.641262480726585
0.876802241146026
0.256742643512838
0.947886840888386
0.132469810868086
0.530355682986803
0.788887055416782
0.921378804972526
0.690271207022464
0.675735298423703
0.746921543993947
0.285769259490423
0.647533177754079
0.116149693337665
0.54493714892755
0.449095178823935
0.134235014395025
0.307366200216848
0.358649603136829
0.372144125017758
0.842359119234489
0.772809596950351
0.407955980636881
0.681156544945103
0.0905416157659334
0.664820455391676
0.689040256371721
0.167442685063984
0.382136326786839
0.00638010364931352
0.974146162275654
0.455618987797601
0.716540455586465
0.247095464470863
0.839181240455375
0.990404153955393
0.790076084175112
0.28292395885604
0.221888279101097
0.683551126949235
0.739036654281357
0.707749659207254
0.626946505054255
0.00969850198187638
0.408636548972102
0.718046376329502
0.513278482970797
0.212452746180297
0.969456687659381
0.571712439828033
0.230720815642274
0.872124486947225
0.171016699317489
0.920055640135024
0.797601290805085
0.696209609637518
0.169710695505903
0.424693843531824
0.676342585378464
0.945952908299976
0.0442745721025779
0.870008312775301
0.295073956218932
0.583032911393415
0.746222136047776
0.676373904452943
0.275359571307365
0.10600019853059
0.135640879508826
0.209705955789529
0.807587067635489
0.215162864767953
0.0458019501347714
0.749742110040728
0.741219466862148
0.296188700576564
0.824364670264971
0.354460390991402
0.115106553540529
0.969098124978035
0.447252325709539
0.997863947373748
0.741321729326662
0.3449751375777
0.129418513119662
0.279222669196283
0.801557380390453
0.0542764237898233
0.0950194151878772
0.808502320106448
0.917307127430273
0.0604311894148235
0.667893496343685
0.609466765384547
0.0398046239683009
0.316277260347815
0.998724960574096
0.0485093861137074
0.464584824868441
0.555236017538223
0.00919061311382152
0.836380470977859
0.184248558313739
0.571830055660176
0.715189543760652
0.471370273256012
0.165311808008964
0.277309381659422
0.927752044478599
0.744241087893671
0.593379834018703
0.570115079260634
0.483789165714909
0.867596462554677
0.654419054702628
0.0968181760345921
0.655968641768395
0.751288040361518
0.160092169792361
0.52356660930261
0.68208956409385
0.471284291104224
0.021343536576988
0.930437497885986
0.0717481165372273
0.707351851205952
0.529354975340129
0.00364621186554048
0.364700029329465
0.108181652361276
0.530475846136693
0.834847716345043
0.12702563154336
0.00594645257739135
0.479866679309239
0.249045311834038
0.83378542418242
0.0386596907743688
0.570641957024668
0.113652443803872
0.50536530330438
0.252732267499396
0.408222941912832
0.486115243063988
0.491984988647501
0.345128350305166
0.629117431606235
0.0597655892725525
0.547085654261942
0.292500765768206
0.384602433767749
0.629471449034007
0.361767476093485
0.176039660266061
0.876569824092215
0.00674883827489381
0.775908170306858
0.144006535655589
0.184708849069518
0.336493005667418
0.944292321599852
0.418056214002316
0.851606238039407
0.0514727631990286
0.484098458412705
0.159589999081042
0.296693287610714
0.198306571461584
0.273517830407412
0.944567273114691
0.171993168764106
0.49961563631774
0.661545845794092
0.413310284591918
0.786773221076427
0.814969861394473
0.518374866895134
0.991953508698525
0.0802841148451187
0.276385151700172
0.798522910145349
0.833433331760596
0.563006871181949
0.40797498390339
0.0285844141662005
0.863672234101438
0.513219150427289
0.387087142820523
0.782838143218716
0.738391663635356
0.536870554495242
0.791300955894709
0.0984209741570419
0.622467996978342
0.0174393761571161
0.884587852085723
0.587774026210254
0.518035767581152
0.641777765800792
0.333663684434816
0.799826560281794
0.570198462446544
0.0321693277041857
0.960811689973852
0.101304029871279
0.897927477866547
0.54428663719698
0.965672378694916
0.515368437974029
0.534500094622548
0.962877470310046
0.208329775218922
0.430278074790526
0.410989363072822
0.204477139674572
0.486771168033974
0.795448865058246
0.193526762353883
0.122412434779762
0.920365237548296
0.545691239548546
0.0400969413383927
0.931843714220922
0.682452102298571
0.530104911691421
0.144448649748675
0.157549845881425
0.734626558675525
0.636793837118554
0.126975710359247
0.95651650369077
0.31686879532607
0.651406590064473
0.448568577134349
0.598876409100605
0.504482561116333
0.450655491407771
0.825617652318694
0.664792822320533
0.388157174399551
0.252969819113829
0.239531311488553
0.424681521289647
0.470012613690635
0.243336127944415
0.730104262819425
0.400148789864079
0.295233127726249
0.0472606388644516
0.705080006288846
0.98575782686132
0.875249540156017
0.507922927052604
0.220530614218206
0.243747225234054
0.671679393957974
0.488439385277278
0.121915101734255
0.633697760626061
0.414687573861066
0.645864199665956
0.778446975879379
0.75271900993309
0.743238765124039
0.809748343019023
0.0713587792619713
0.690368856695277
0.737191834495803
0.224165547148599
0.0439428702477295
0.496793526429101
0.552274284271105
0.110264569278852
0.759182220253354
0.241931876926212
0.598857992767496
0.872827917110696
0.0620108165459206
0.233166691852299
0.404516411349347
0.203449672468724
0.236326619440832
0.982741175241588
0.254757786342106
0.446745903855657
0.661269707285646
0.365065260186362
0.766157438801909
0.571747296629552
0.42348959920853
0.579968394449433
0.749376519193366
0.342728554022093
0.536809624005678
0.730252210008348
0.720780785768295
0.535905103950231
0.254419734705385
0.304595761880285
0.30475604213148
0.0495287311877877
0.977201166414828
0.798087175381696
0.943370309679207
0.931454133218064
0.566000223126986
0.546356406519416
0.949776041661848
0.988817127878313
0.420917359226425
0.666283803963601
0.163555779231451
0.825415042626555
0.847815858943512
0.119225165122442
0.771791272377959
0.968764133374896
0.0362009217876064
0.256444081164916
0.259367747128271
0.440478562388882
0.740166615820908
0.284620379889913
0.166894783063486
0.75769136638477
0.991538995463001
0.0767038533372979
0.481031740765889
0.99963947225806
0.620596358102389
0.274687118287692
0.938931764603299
0.389495949381252
0.559083546024887
0.180901399392315
0.120966037110753
0.200901876376153
0.526469195253979
0.262664370503062
0.833790294845412
0.540983398998425
0.184869875613999
0.584052375579132
0.242083916444369
0.0496884392081782
0.30096056482905
0.338043982687445
0.266479615488788
0.538121657042557
0.527008674948578
0.90534080746537
0.821993897891963
0.350957294969659
0.83070550732228
0.156623043011415
0.731223840000745
0.980152571636008
0.96308249382535
0.0618672192457981
0.862373647844252
0.928811927477777
0.868890154419747
0.315554217355877
0.292369077241884
0.200107800479512
0.0899675661976308
0.959965132524367
0.722457712204025
0.0163012036724551
0.261380233395227
0.247103360094908
0.409045151741897
0.602148115794498
0.336383347771509
0.420495853522601
0.269497547623136
0.953985690851567
0.693757944237259
0.442581779608437
0.448235958220795
0.936291269208315
0.459457471617214
0.32170755635999
0.387252130040837
0.883544170215636
0.610142044028397
0.561349074703115
0.447457591068656
0.958623866317093
0.380547902562228
0.428818622825505
0.734714606245995
0.515246127585896
0.0725357638305416
0.201627184659518
0.088239936825743
0.0362364005337192
0.82768938462475
0.0257808732767816
0.734447217707403
0.315978477037642
0.633987256379532
0.638297649032084
0.983366322569277
0.259336628600515
0.41149086994159
0.465164078140246
0.852012901385409
0.778111312529861
0.0259143815935337
0.146513030319844
0.128568310163026
0.700760432694542
0.195010186909076
0.0854538647534671
0.0446183401730816
0.576056175780683
0.779704623520778
0.297045998626623
0.0200614511796878
0.866814330408277
0.885633782818325
0.0375110826530446
0.211071565374048
0.621943497960213
0.136942807187384
0.329619777038875
0.704534023149411
0.00940916813166404
0.337868000932317
0.561320225351094
0.00337553545957259
0.729021818986189
0.995136204928304
0.20332180992367
0.810790091502291
0.422183146256854
0.00363371506302945
0.765940216203761
0.985323956191975
0.0903450481156153
0.491880738671962
0.185106371447483
0.749685000270267
0.60430456080476
0.484500527465842
0.134495772450703
0.334799158716978
0.537907386301619
0.322960970687981
0.250649893692144
0.0801895816583588
0.257571994970738
0.689165494445235
0.925268794816902
0.202163904215431
0.793076377811307
0.0926157875399235
0.371611540904127
0.508595894488237
0.48914808504261
0.508287356493149
0.728204800949981
0.98179426711884
0.882195946719474
0.824119240056061
0.705697662286861
0.822381745658275
0.0299258825989649
0.8255516081388
0.625180471406158
0.738551497571368
0.179481134496903
0.33815247238584
0.0698067197445228
0.647238852002921
0.852296415226489
0.415902009539409
0.377959113629803
0.657258540335656
0.400713452851522
0.774109323221649
0.783890085850592
0.725802823480436
0.400731019438594
0.516864241970515
0.647724950326543
0.0710830526215054
0.158234996393176
0.849646149403052
0.667739634848475
0.339101891129309
0.122009033859543
0.89676535799696
0.2336322881594
0.687530003128889
0.595002024616378
0.990270714089565
0.476069145461649
0.942169981840195
0.272878247808494
0.642891223362204
0.0659969117374786
0.423945411519838
0.665617692598282
0.0486196851455927
0.778688952931019
0.583168869800701
0.110438982769114
0.612862090662408
0.18868531047474
0.754657718251848
0.194287773233809
0.186125713453132
0.550962297894452
0.312125379210607
0.337237526458664
0.598364551411906
0.540651935711152
0.715845094699803
0.844061653520105
0.61343784213841
0.307589413103315
0.248248360359972
0.272985307822192
0.412251481559486
0.69720767857309
0.987648857295957
0.229928338546367
0.900232832370374
0.835437846790708
0.449921088492663
0.891094892951075
0.493860878693219
0.92519990698951
0.255696524363395
0.267402977350663
0.990759353573302
0.184752158778919
0.951408451833802
0.555680508825138
0.350880111312498
0.444539249690859
0.0879536152518988
0.942094686650221
0.660186211768499
0.380054692207648
0.192287982273087
0.547995290807945
0.386861074074983
0.706471197542782
0.0213500936967806
0.187847513074916
0.831404851215115
0.558613285195744
0.991328951745115
0.550043379649474
0.714296502477635
0.225545984673946
0.982466549338491
0.46347928109951
0.833780192232546
0.170359342790625
0.62760357392825
0.470387794789151
0.860739880818056
0.745266626629102
0.742013173578408
0.862335602488775
0.961216837187296
0.226504040496684
0.109765648507244
0.803912431296644
0.11751538353238
0.130188549006945
0.431900196320833
0.20960416834826
0.289692889122892
0.427587814364463
0.840865083528187
0.814160907679134
0.975184976010913
0.651920544572731
0.23631650647775
0.385813781786821
0.576533804250419
0.344594269167728
0.386802236322572
0.190777510038971
0.674171197710631
0.438828229200492
0.82420481977983
0.27723985312121
0.322431754027628
0.185451861036303
0.505763609026311
0.456869023172394
0.0510286333296198
0.0183091012039424
0.0866149038827376
0.481513606034496
0.45668965636362
0.612587145462269
0.789807970765211
0.988494896953747
0.913591943696768
0.0389973236205996
0.311880815328716
0.821570922120388
0.445967487764315
0.759003934953461
0.398914521360097
0.662069800105357
0.109678545256362
0.109134902979196
0.33217919609284
0.740368368849481
0.644519813517456
0.0804749586335939
0.148327411818983
0.0470910988177946
0.90712028205155
0.207284911122628
0.938592300227654
0.468578808338455
0.850113144229148
0.550068668616594
0.47331040546064
0.245377107294339
0.951217657775759
0.5976711348531
0.110421742730994
0.0769812726002264
0.633812444160151
0.754120769910181
0.458702691172841
0.46161909090172
0.621567185093369
0.198501145441407
0.891473029977972
0.943991714167194
0.715037360743686
0.240465420920398
0.156432376747255
0.0687625849618693
0.531564971956726
0.124621952309294
0.0794877172816089
0.0713229722920264
0.215785873835603
0.752900725601535
0.940221590309612
0.823941735508045
0.248620063778691
0.450804297249567
0.781037097889422
0.7514964176141
0.520103840403476
0.72983996444547
0.277691984903197
0.581818356561743
0.582293234387267
0.919818670941728
0.986072329018238
0.415727615758835
0.607304796095139
0.29725206610529
0.347316842505893
0.0879452761246301
0.553291395847389
0.522003835130465
0.371277838616085
0.357594918249885
0.632222974026464
0.194665701020608
0.774787351591714
0.517961193046567
0.5308125547044
0.174357383279529
0.49880877572829
0.0120724915812579
0.977146957596756
0.921982408120238
0.142360959735402
0.333295304622915
0.180761177804434
0.367214324199925
0.282764827276174
0.775579900050155
0.365787067023936
0.729407611896716
0.0908507863822791
0.380421348661523
0.521196082131362
0.673045671394902
0.626143259883275
0.837081912208502
0.154544999734808
0.00409341670877417
0.141117661927008
0.972292967201456
0.355489748219025
0.630017300842085
0.825036692953306
0.0662968008309908
0.188944597186239
0.0582987257173511
0.631999061422662
0.45573404623432
0.92684074059759
0.898885922465243
0.00423893531017316
0.192784741179295
0.644137482915234
0.428274989877413
0.999300196417981
0.0513702787652645
0.880009262963219
0.687509956329877
0.301924127994614
0.371801002190682
0.376004659907478
0.827869545005141
0.0885755550123184
0.445165243585681
0.761659884388159
0.417609221328295
0.202815956038577
0.0919306097634528
0.184101147057507
0.732134345245533
0.681512928481887
0.820171514733854
0.558794013318605
0.592296924838997
0.19003015235808
0.304897439943427
0.908306713904081
0.292644668395631
0.168300121690256
0.839806130243484
0.982763537597952
0.572193714453113
0.83176887025452
0.412410736886588
0.580072341922967
0.769803249207365
0.862212995786873
0.814099672350155
0.620397746368978
0.973776686019588
0.536031148469788
0.964745180128223
0.686236144563708
0.226922318364348
0.698682577228747
0.205889005127427
0.646110065323601
0.706881943442018
0.124721793492781
0.160793451035719
0.72458365653277
0.158819061153617
0.468742140871677
0.972403440320241
0.730893023014854
0.656742470131762
0.831545039588737
0.820409919250919
0.639584897617075
0.0437965511018207
0.3237998791878
0.261125564518083
0.00281287485319659
0.470589162525738
0.0238524355900992
0.242366643055259
0.146028210630441
0.645363099375769
0.183256228311229
0.789520910499509
0.307590342280506
0.197179382778001
0.508342375584209
0.267676800000522
0.314026751135564
0.95386099667753
0.837651726687476
0.173764733352827
0.477312426672061
0.888025952295443
0.428327412367419
0.321144126064632
0.900077749052093
0.612924793222577
0.773160335713035
0.486782514985
0.0520020627078037
0.971153405556703
0.49717756639426
0.501799673782027
0.134683281385729
0.31315313662451
0.505474976010906
0.381178763560076
0.921231085790582
0.136071036687409
0.960660429122201
0.93219915082237
0.917474105065702
0.0305885695651068
0.310355986685288
0.283196620438352
0.0217265385973219
0.815120432904846
0.468133202981976
0.488568998338994
0.394357908417242
0.259876215382331
0.946049929852643
0.405464951826871
0.291690164760903
0.243754941581271
0.883208259046069
0.317608137742006
0.470004492168697
0.125893854138467
0.475614784607652
0.970813916801108
0.760892810481166
0.836408044069505
