0.0657979875958726
0.736053965310937
0.461229501401594
0.397899605442063
0.981373561241127
0.567317681434426
0.789247787230486
0.0569362437580868
0.150455404968433
0.668060057131115
0.718012398294438
0.208341958809655
0.725311496079302
0.156148057918461
0.587522966263749
0.268097448252329
0.498590111406849
0.874723663752202
0.801237633023153
0.046957361405215
0.625565365978849
0.0934634551229735
0.484560126447529
0.937925471658235
0.412280972513709
0.146857417854778
0.0672604918587715
0.767922314126501
0.370933668954225
0.72456658176792
0.606115641790491
0.222812816041615
0.392255276541499
0.422444299695077
0.777534096345773
0.0599646265427697
0.0105495109495273
0.874678789579379
0.894574298036999
0.361941034754809
0.655733058257833
0.360029211732459
0.0743527823042278
0.970981143575038
0.678497699159787
0.771234567086181
0.399580387582009
0.967487992501869
0.411653942005935
0.960836023652113
0.182169145043183
0.428571505746141
0.849136758760391
0.941514893868814
0.086638289413884
0.154395020687892
0.916144320596502
0.759720607849843
0.253174263654325
0.28219593807793
0.375016894801927
0.0891093221574806
0.878349044199931
0.647927148503373
0.277947631957707
0.818277764592214
0.413295013371904
0.86488396461921
0.793118800893465
0.0130962577901075
0.0859596358539914
0.258042553962981
0.0625707987116378
0.689898426970886
0.557415003014332
0.485757521621397
0.605941732882514
0.0040071129231346
0.735075194645329
0.360064745206002
0.584930173542013
0.347475587108278
0.608108842179484
0.985174867579554
0.319904662857387
0.149768538598981
0.235876160503816
0.49242766948433
0.900492193021512
0.286495545145896
0.2180314743045
0.787096132421769
0.496385437608516
0.665929282671325
0.399007133150468
0.699140275286744
0.414386561114786
0.148246485470007
0.982869792197079
0.935905189993367
0.71408711081156
0.958610753842893
0.647104292054226
0.924435719375585
0.995038982259892
0.404229940546094
0.775361978387057
0.0209513735703074
0.692109564726982
0.864118913799224
0.438262591962199
0.909482446820039
0.207573316458619
0.58052283316398
0.0660769381781404
0.293267165997989
0.57321467242596
0.788229717951526
0.444901082846617
0.747259252720814
0.394241846695182
0.0759735217974294
0.176430047565056
0.483028596442775
0.94902337329345
0.995772255883335
0.343490428317294
0.681145844324992
0.473989599297067
0.705870085772741
0.694545256254748
0.399514852308492
0.311110136751344
0.971624642001114
0.389942471806372
0.185598542937639
0.305365361422028
0.576356686694538
0.0100812970360855
0.0738660959811961
0.886939933987169
0.0422093898720104
0.0241696709377656
0.10981064940285
0.362270226697551
0.412088014464023
0.734781307344453
0.696075589534103
0.160125454356305
0.371046256027957
0.786100172377464
0.46081307332276
0.702673728428392
0.421668586101965
0.424404995977532
0.00375727283036731
0.0482644797267345
0.669343749032697
0.222127718336655
0.116483674039235
0.122094541780598
0.774154404764846
0.698735375566845
0.183346120263973
0.0933735669739836
0.450954257064395
0.501438150104892
0.581123933958516
0.420655166042662
0.46829334864456
0.409245045972239
0.852938181318547
0.591967296446011
0.0628755765864586
0.899750729257091
0.276115500221974
0.993403685272885
0.534036354050186
0.970730330507906
0.145465656227845
0.849712881684988
0.833336734611332
0.20766087148606
0.553669922444835
0.499904738933868
0.936815461946474
0.928033721929163
0.035266124552194
0.317667977356302
0.766696151933901
0.424433494159291
0.965170296574944
0.9306382178069
0.0067743958908113
0.836743364917969
0.106913582084508
0.697747577740342
0.615989297388615
0.724725437210076
0.157513327464847
0.297934442491675
0.950834052705749
0.536953502889143
0.833845735006024
0.198344956430415
0.642868292971671
0.718618098688398
0.545373817084418
0.113231673051214
0.0285452678514507
0.982211689943352
0.236488040638785
0.866994031978713
0.985614720901159
0.564686533359704
0.773486301550137
0.943482996247582
0.835490489922354
0.976309122122095
0.121541633529278
0.0299785911788031
0.0403149595079181
0.83544276291138
0.0300776786555527
0.765180014052015
0.821225440902962
0.260819104947796
0.392986316444364
0.0880607844173756
0.0534016169001931
0.5868742595134
0.897411757589524
0.0144448029219297
0.635437884880639
0.0740931891054792
0.512607993642547
0.989757917840872
0.776239892156242
0.306941553574566
0.95198912408063
0.0314459050979744
0.215380931588323
0.708703020633912
0.362332254686597
0.525637194879892
0.3004155873123
0.262248039205974
0.21669994418542
0.55653806619198
0.717630469169771
0.892835061078234
0.803356571247854
0.44548453042888
0.201082480819469
0.439515414562006
0.79951546581406
0.0363675091425355
0.545978494584144
0.604424181367869
0.612213347215368
0.451042795042323
0.281578240915458
0.705468191297256
0.182898155307165
0.260354086789549
0.296286865237625
0.160172898038762
0.0924675184385403
0.31639187222466
0.512051674306455
0.169998068636155
0.328487046283291
0.531370801211171
0.229265633868142
0.521703377665593
0.590860283304167
0.954690482002888
0.895772293719285
0.122219318256463
0.710915479667049
0.862873417280406
0.886822814725248
0.193237952516618
0.0155763956915078
0.592689466085598
0.00117617225769828
0.13998326743249
0.218249274875114
0.434071554616108
0.639228628095005
0.508952987890331
0.0347074326349993
0.85416741440305
0.397965690245851
0.898197902077846
0.0983976803951816
0.250560574165337
0.226474322634385
0.0316408666297938
0.905276798742227
0.411230238488275
0.0516805607772691
0.0741651421085807
0.954313602891121
0.712777900402898
0.644558936968393
0.666716388255476
0.167565626383466
0.841989164043399
0.0522791979283342
0.978312077646409
0.858074492104946
0.357985027053294
0.617191973378051
0.138002650866337
0.0164544754247415
0.603343376812574
0.529927851021314
0.123162485967252
0.0190350061439096
0.712878688542122
0.186560593284632
0.775807669207007
0.681847743219087
0.207600872066203
0.0906144982556789
0.884271114059369
0.0660977971841288
0.215489628385754
0.027711746894114
0.915831235480253
0.0222397313395252
0.426334946196033
0.368663120421111
0.953662646177346
0.307555518890017
0.357587442255819
0.725554580784388
0.377268059430537
0.37021966109462
0.232049708383605
0.98439187343723
0.91623175230923
0.741808710382662
0.174639243944896
0.964448551460611
0.00808114959524997
0.104716174406794
0.744644536037224
0.332718825070082
0.981826414175068
0.365546694986538
0.75706571660476
0.548158654226935
0.226709291175427
0.275776070059574
0.648111709456488
0.166924349975848
0.572041533422579
0.540313158005474
0.68582749819791
0.718272900106599
0.953690753659508
0.462675025557762
0.126650852129463
0.0313793457788165
0.727054935455884
0.642999936942636
0.592317955243362
0.844159949068057
0.283769404936038
0.385758062808882
0.832734358257909
0.165094657115399
0.652547619076787
0.451579414331202
0.32412406062054
0.148564952818667
0.625419532564566
0.443707533939611
0.514984047790094
0.401063403944425
0.0664398407773027
0.168358681120046
0.208548563787169
0.694553384337074
0.408720976913303
0.815301482167076
0.207909484203803
0.101413265331362
0.514904879747097
0.600572690886112
0.81455706891969
0.305084576308506
0.122453159738034
0.186931458226928
0.741316667981281
0.744478239157307
0.000606363167658497
0.127941950430314
0.914560822244496
0.435502338207006
0.771224914887225
0.592314526010256
0.446151362213296
0.940214716443659
0.78722472267178
0.658206767162344
0.917361810956665
0.424328082444629
0.677186102939167
0.63899330557527
0.103988702319932
0.719880883396568
0.8952505230234
0.201809776723644
0.464156329905581
0.163317098009492
0.424882366005198
0.342636546287574
0.976945690414158
0.462478046971397
0.943954230109913
0.800498371974756
0.800181957580635
0.879146391571043
0.467950672369329
0.154442079639102
0.0333978322089378
0.153345444857292
0.573375987990259
0.459930859244505
0.770619180099277
0.422665062719426
0.121288241857211
0.892487838660808
0.492068982470581
0.541334068701988
0.330462945922222
0.318080217359428
0.188678861666781
0.549395486247371
0.372548207329251
0.320666323715318
0.856366670644362
0.135470210544713
0.0140781647548466
0.91835920274701
0.0684979466136608
0.0422149894600733
0.101335141605684
0.611708661650898
0.0275901606807345
0.522470579828032
0.319016438417433
0.953512048982109
0.299654611365302
0.186604805381881
0.418077188585023
0.742785668429959
0.672164864277169
0.317228661846347
0.66017635944429
0.0469731472806175
0.595770749093797
0.926453480035373
0.7751036434788
0.529165603062115
0.363741044010148
0.0288534643383526
0.301192252243098
0.693589555252766
0.291156888077629
0.159838800365408
0.508789614069379
0.753410187800015
0.0972706148022507
0.935894063361263
0.923533430450337
0.131940675766902
0.952085154863905
0.440991483960254
0.445445980494013
0.490756998766263
0.56179302157227
0.911958096472715
0.426762478908629
0.917244426969666
0.0903637899959514
0.393184201997293
0.584714503878037
0.171575219919522
0.515450055743061
0.678241714508268
0.63467239655022
0.451911416436247
0.66967606284264
0.116689440693014
0.864944380643988
0.477457310261168
0.227269915097969
0.965248649206744
0.105528215985152
0.106335805233069
0.678489983052101
0.0142861486605376
0.681142106271139
0.433401145897536
0.146095516467068
0.335687119677621
0.0451879784543761
0.202438177331786
0.532965410536257
0.57380233863812
0.586186944208286
0.509953203882372
0.919108576417105
0.515779636774978
0.488644103880715
0.114996296406456
0.623329884900935
0.127088730535017
0.587291139515326
0.931361873514923
0.69211838996599
0.794261608671272
0.917321918256199
0.839381505834899
0.784171971918793
0.54336790624687
0.44348142515536
0.0379034321379812
0.937624337566746
0.94261520110423
0.190915210481823
0.348900386752733
0.580080119754781
0.274063025581626
0.489438485999841
0.528754669459959
0.21139679316265
0.204523426558126
0.192547468528967
0.87253143978091
0.412297217857008
0.34888983305345
0.361160933558547
0.955757318429249
0.0211665966627701
0.0758541242470995
0.510395593811352
0.348498454951766
0.592773694858525
0.0447564994872821
0.572063292618654
0.0484024525590272
0.464870543092713
0.742382430124717
0.681510091693668
0.400270110484038
0.274359128527745
0.318170819717026
0.59697513444704
0.63318791314855
0.387848170241812
0.821237101438729
0.770198520240812
0.828375504269747
0.887831247589414
0.09096201501799
0.948418872356375
0.888133578479243
0.972135098867154
0.638002400363769
0.492563972049314
0.231946646969495
0.434937407718708
0.0679021062704511
0.30814619703708
0.495008512566719
0.946756184334745
0.323246624430952
0.350402552470044
0.343069621867106
0.894059800933431
0.461980964574776
0.327822954834891
0.742505568575884
0.956395208817954
0.0680147534769359
0.680009736446309
0.519894284254046
0.690378950316672
0.286617697659925
0.527111914088016
0.848405552633561
0.111432908545587
0.654953815117081
0.524702042629825
0.429214690343355
0.141838814462462
0.181226183363543
0.829554373053589
0.0121844133973262
0.137846050153565
0.889012639718115
0.969727186874618
0.0821186689926575
0.510721047721338
0.557365174571206
0.200683660470754
0.759049261125597
0.537264930482596
0.689901042774262
0.939963096629725
0.454206783580628
0.566126593081738
0.746555940323827
0.0144100469394437
0.89478989164635
0.428425362604529
0.879440667115007
0.58170571814612
0.662120188455882
0.451592869611187
0.955356613316479
0.352183916372977
0.619013856251622
0.553608567423947
0.536501222621308
0.01478983925929
0.378534727152405
0.729329027794446
0.35433615773255
0.316576775861043
0.427395409930852
0.516200631914005
0.433372830180147
0.871628950548512
0.369360401117182
0.509689119214673
0.72438052379646
0.140329131981776
0.710617367673068
0.856645246479155
0.623346586307663
0.615665583566609
0.0237006308809772
0.316711001971599
0.518677781513795
0.0981823067003887
0.840390107322941
0.271359620159946
0.174783262786604
0.644854946471296
0.622325988547812
0.0146474094435461
0.794866162412417
0.632615906349304
0.0423347799828457
0.653877599282648
0.0128455841308069
0.756592178392236
0.275171342065931
0.503436443666532
0.983973405794037
0.489958274094628
0.513033978660415
0.649712495748473
0.139628608975782
0.160448443189915
0.113849610770104
0.659673054563386
0.507056238737187
0.817756630658792
0.90544490337281
0.500038109519048
0.875177254909482
0.203445536890197
0.931047338907304
0.875593303916113
0.829256394315339
0.45455357315532
0.896825514765404
0.644886899094589
0.833221312791834
0.835163193748129
0.148158902905485
0.574080621855116
0.887869864640438
0.0936645721461806
0.849194088920818
0.149413007073328
0.439591841327921
0.390049320636423
0.0453006555347775
0.542119845352497
0.448300014776587
0.678458316489697
0.263956843514665
0.976282327789007
0.526732793708888
0.100251102181877
0.574072667421682
0.453697140702267
0.761221688579544
0.666742769351508
0.235076149615963
0.630632647940304
0.688771633806099
2.8822593550748e-05
0.794172149807478
0.2584779574265
0.904389262625995
0.555488764129961
0.941856057353416
0.84394504128988
0.638482159905779
0.791398145894412
0.518743035350283
0.50538250488446
0.311317657548492
0.498489300857399
0.731310606443049
0.813385372075733
0.253635087939499
0.0710765447824292
0.773606803911097
0.612067392412512
0.675914805819828
0.0112931767482398
0.348674192820553
0.957153703121195
0.506815276610824
0.0648851513644961
0.656978945844668
0.00447921308743859
0.611282393817244
0.946646786121275
0.910125487344294
0.111270959553473
0.458216360005743
0.108084814197035
0.461140269129634
0.0299492831859045
0.514951269329352
0.86972390899703
0.433825013535082
0.195127466381739
0.76453931080317
0.68485817862036
0.134069390743151
0.400256599588778
0.823717768291731
0.902187524708498
0.497824908054421
0.596728592244867
0.564874539139001
0.012657703225659
0.299781833002811
0.641115347021555
0.52084918364003
0.659078091061616
0.836383107570572
0.335516823974972
0.467586367757913
0.0426821626099261
0.560655380848911
0.467954347420036
0.82908730759163
0.437879265641098
0.758885827688181
0.0340758119446954
0.260295536627652
0.662287742406814
0.436064457210578
0.034721183238492
0.573192107349923
0.183486579432811
0.321933219585427
0.458865047047423
0.666906769495551
0.716172168113002
0.0797866561007746
0.744669864466202
0.82745653351298
0.215045051299098
0.930401025231249
0.320962354014474
0.695977602129031
0.0126128878199853
0.918082915031189
0.0255006028260321
0.294530160155309
0.897882648396296
0.771537112097363
0.291308805412518
0.385173115441739
0.603595886882874
0.860919769673858
0.425818067323795
0.124630413015797
0.0383912177203071
0.189567349557023
0.569089048130579
0.363250012376773
0.136767639821687
0.651903417560199
0.01838442560305
0.310277531656235
0.623054691482674
0.184858046611182
0.661405138194344
0.403724862403579
0.0810012675718486
0.457057239150995
0.311870655983411
0.82924862134659
0.0454793656748919
0.681428717507463
0.0250634512306054
0.905516459970902
0.883265725176703
0.284894477468189
0.581431275256716
0.0544100181122354
0.450079510270199
0.786186323037633
0.255859813808897
0.180954739932969
0.330336101350845
0.103933241538569
0.221706420835017
0.404891622378448
0.159708261754939
0.621751521497441
0.26782030245368
0.498017322748833
0.637032802483813
0.853792376366372
0.02682122445778
0.736837608787343
0.947391859423637
0.904050318436829
0.213110895081291
0.916160470958785
0.716598012883755
0.0107138245184316
0.0148586466915769
0.189531155221349
0.403025293349949
0.841086223244185
0.849131589525224
0.27230728036328
0.859459253218471
0.379536400714977
0.0668155972996346
0.805546823720532
0.88052086684515
0.590262338562552
0.960454180803844
0.415914393068281
0.939018965342512
0.147208431445557
0.996230501368859
0.263700464515154
0.399876705717753
0.0203265455014693
0.702806381543876
0.298244381149739
0.491898751114938
0.379737537350256
0.491775327591137
0.996187336924476
0.323064349623364
0.376208827004394
0.416629337576811
0.227786837012108
0.900109790501805
0.44566130796379
0.816092274488634
0.515594495188434
0.987114262284036
0.821386893620088
0.724887174708065
0.87568940190976
0.105666560105852
0.0708056794099911
0.546251457506645
0.982212939738041
0.116727722292617
0.738062393088066
0.988381056987675
0.266811598864533
0.682176467639324
0.762957220612852
0.401042147626789
0.413546320088421
0.459725424145981
0.720586946244976
0.464780260787336
0.579396448856348
0.779766683842116
0.514285787973764
0.526182791961912
0.997397469062562
0.265676036422791
0.370511706048871
0.43290345127265
0.845997311023278
0.126582096221703
0.2440904643986
0.67732572462091
0.623312060274338
0.31080641347379
0.349222312282101
0.711794285893685
0.37800596114007
0.988478063609534
0.93374138572188
0.449154742141376
0.318220281513112
0.536628586819383
0.435355442261312
0.185535354078226
0.785766305423741
0.0244342861050078
0.745983485501437
0.776042967917427
0.908189166153652
0.0614849736051394
0.384847589929062
0.282953194210412
0.410907623997524
0.949157486326604
0.504682482119934
0.256292669142649
0.0628505808764765
0.526719404588904
0.460997430063502
0.938592467888468
0.590403851617989
0.992332355189797
0.147598045465582
0.11363057056887
0.345580000866715
0.103151091402737
0.291672626637664
0.930065626196774
0.12328100971282
0.527497309320081
0.519569646413381
0.11025982722796
0.625572604148647
0.84423664049439
0.399396655609301
0.322644139775723
0.206399817059287
0.270901425030791
0.199899485923333
0.190126729380353
0.0351022099631968
0.620123036652385
0.880758079229604
0.638924071857756
0.328331280115938
0.153584122423858
0.167214561376716
0.0803891586442865
0.313855982562247
0.535406109989604
0.519800740279409
0.0203576634861654
0.0830181046838555
0.101226152818783
0.546916729571248
0.00326140899452876
0.707476128609878
0.920599804928615
0.799159083589957
0.294299516134425
0.351770679553454
0.403844830310405
0.475858619859009
0.689581469933782
0.823794246978487
0.997777736125519
0.463772612273937
0.362344757815513
0.838303749503737
0.376510197813581
0.846669003271195
0.834932480787276
0.993233071944617
0.241160919384157
0.586962927206561
0.595023934983443
0.731908909000791
0.754736371207721
0.0827111280338396
