-0.426770
1.140774
1.075973
-0.903853
0.616946
0.654244
-0.516356
0.234282
0.774094
0.678882
-0.258973
0.936973
2.272312
-0.124757
0.256410
0.076867
1.348260
0.776524
-0.513357
-0.554531
1.144714
0.931237
-3.757594
1.175286
1.256077
-1.201935
-1.546503
10.285300
-0.539754
0.272828
0.263415
0.580075
-0.337438
1.278108
-0.334798
-0.864632
2.524799
1.019289
-1.638535
0.980770
4.731207
-3.267810
0.433390
3.430423
0.140109
5.510537
-7.511571
-0.238638
1.569136
-1.217881
1.698445
0.163069
-0.181279
1.747558
4.088812
-1.906527
-5.232393
5.511471
-4.432008
4.785294
1.912290
-0.548512
0.998131
-0.444174
0.795695
0.181550
0.582050
-0.026804
3.969218
-4.030536
-0.261454
3.460334
-0.728043
-1.933116
3.061730
-2.331675
8.523106
-1.953567
-29.161347
11.732601
-18.610954
0.475073
0.769286
0.373194
0.019916
-0.235886
0.692987
-0.152032
-1.160702
2.304970
10.350746
-6.832730
-3.005107
4.170011
-3.077511
-1.777735
3.034172
-0.084786
-2.221015
4.485182
1.365590
-10.442044
7.590994
6.794775
-54.894672
72.070800
-37.861316
10.342439
22.485910
-18.058826
43.153414
-79.818971
-148.478327
285.293336
-82.188104
63.662367
-8.617233
-0.106221
0.681089
0.250600
-0.203641
1.258975
0.974232
-0.672616
1.300167
-0.177473
0.752654
-0.554250
1.895873
-1.569188
2.381512
-3.786401
-1.123007
5.347731
-2.688503
-10.138634
14.240643
4.127164
-48.467485
12.069933
23.989874
-36.309676
-22.207313
47.002454
0.278722
-48.217473
20.702249
-10.345317
6.052775
-4.092242
0.710088
5.009395
-0.925419
-1.477607
1.968327
2.092124
-1.844658
-0.007623
2.467476
-0.789173
3.706239
0.057500
-2.328195
1.164961
1.383092
1.939729
-2.545345
1.901321
1.391349
-1.217752
0.604382
1.293463
-0.652983
0.085805
1.274907
0.567470
0.477378
0.142025
0.182138
-0.120278
1.837271
-2.189361
0.640000
0.842376
-0.840120
0.545183
0.504706
-1.141148
0.389727
2.765380
-3.111729
2.233637
1.169427
-1.740853
3.324603
-0.279863
-0.906066
1.679326
1.371909
-0.510792
-0.294690
1.200981
-0.499242
0.251675
1.849485
-1.094780
3.067838
-11.513254
15.896932
7.083116
-14.216392
10.519622
14.698642
-68.456079
102.150200
-56.183032
44.077865
-43.581286
3.819082
5.138404
-7.566976
0.967875
161.487854
-87.599949
-52.124902
76.477353
-87.785438
-109.759567
224.453558
-25.776345
-114.985012
36.874591
27.900439
-81.547713
41.424052
-18.083963
-28.466253
29.520323
-6.687380
-29.624864
15.089655
10.653681
-21.048213
-0.162602
3.366275
-1.757278
1.728729
2.223043
-7.203275
22.941052
-1.702234
-5.494324
7.887917
-0.810190
-11.748888
7.733317
-8.295169
4.371167
-0.219392
-155.646757
17.624736
5.585462
-15.362622
3.827208
3.907946
-19.006283
47.346706
-39.365776
9.833940
33.089325
-48.609826
53.058324
21.226142
-26.976610
-34.115669
13.703859
0.388241
-12.893425
20.400562
1.681852
-0.503523
0.382561
2.280427
-6.929389
0.629002
5.275399
-10.055823
10.332950
-8.705670
-3.302271
10.791323
-6.989772
-4.989197
10.065584
13.071022
-7.580553
5.168879
3.631082
-3.651108
1.797268
-1.663716
2.094881
0.105875
0.769236
0.154286
-0.225901
0.993676
1.458845
-0.512924
-5.621508
9.883363
-4.372981
-2.080036
33.877722
-25.511788
-9.673811
4.574687
8.345862
-38.860701
40.602866
-16.678631
4.868919
1.224061
0.098461
-0.131913
0.863335
-1.245611
3.347123
-4.751790
-3.256258
6.204922
-3.925413
4.132749
-0.190054
1.478108
0.140149
0.045123
0.509069
0.377400
1.398935
0.118171
1.064449
0.883885
0.391542
-0.669280
0.637152
-0.467458
0.370854
-0.323475
0.289309
0.816462
0.174985
-0.459550
0.131238
0.719978
-0.477281
0.309260
1.856042
-1.830277
-0.003809
2.952966
2.386879
-2.987320
5.215287
-1.079750
-3.419576
4.920604
0.031535
-2.993936
1.870044
1.817245
-0.201889
0.429084
0.674259
0.295767
1.619167
-2.446079
1.119356
-0.283905
0.661880
0.484203
-0.154240
0.502278
0.239163
-0.642735
1.632283
-1.278595
-0.176648
2.221129
-3.253247
3.828234
-0.533970
20.050021
-92.444994
54.066092
-9.556493
-79.397519
24.872030
23.261114
-27.164002
10.012333
28.025388
-0.761993
1.148942
0.341053
0.482320
1.830094
-3.409404
9.817349
-10.771775
8.858537
3.005593
-6.918157
17.498342
4.477887
-3.640259
-1.375353
2.496955
-0.394421
-4.895955
2.868805
-0.429756
-3.935780
3.354736
-2.175547
0.370732
1.737752
1.895782
-1.041240
1.750372
-0.018693
0.692549
0.281776
0.517650
0.552934
0.228836
-0.622360
3.748441
1.489514
-3.771827
4.006349
-3.981606
1.572312
-0.127892
-0.319101
0.929929
0.811143
1.188534
-0.499717
0.996204
0.756020
-0.249293
1.377557
-0.639106
0.077494
1.880415
-0.638360
-20.898250
5.716051
-0.117597
-0.022610
0.536986
-0.375409
3.409824
1.006268
-2.088472
1.801814
8.463463
-4.979187
9.699362
-4.603484
18.735781
-12.922560
0.925461
0.447039
1.064667
-0.031828
-0.862982
1.068243
0.345866
0.192020
0.685691
-0.072167
1.065574
0.809311
0.193140
-1.702221
4.850344
-4.932298
2.025925
5.489228
-2.367496
-2.518825
1.056234
0.013419
-0.012480
0.126516
1.057884
0.263630
1.271007
-0.633588
1.000727
0.770692
0.116368
-0.193418
1.809147
0.849692
-7.957632
-0.128499
6.792265
-2.057190
-2.543004
6.771282
-0.442892
0.117623
0.367478
1.300694
-0.236978
0.115828
0.382708
1.144396
0.724898
-1.573729
1.447862
1.864916
-2.106617
1.374330
0.187558
1.697334
-0.066790
-0.152565
0.929282
0.133575
0.690559
0.050962
0.617970
0.090265
-0.270769
0.731085
0.190868
0.261901
0.515731
2.205586
-9.068141
6.831744
-29.244549
25.885043
-21.669459
14.389828
2.280463
-50.573151
44.445041
2.416587
-8.660173
7.818421
4.068395
-5.667577
1.055834
2.663457
-2.458977
0.491063
2.084681
-1.767614
-0.948026
0.659854
2.511156
-2.008172
-1.969607
0.206810
0.410192
0.731402
0.207056
-0.150592
-1.963607
8.709782
3.420796
-5.155102
0.123635
4.521821
-7.060600
7.407321
-3.118127
0.642349
0.539796
-0.685338
2.133655
2.061014
-0.751254
-0.431445
1.796846
-2.297532
-0.922193
12.780390
3.655287
-6.833040
6.945612
-31.304510
42.697422
0.085145
-22.072869
25.408203
-153.383122
52.462917
-219.402004
244.889975
-133.505359
-71.663292
87.392195
71.079692
-169.867680
-53.473834
69.403661
-8.546779
10.452004
-1.035822
-4.854583
7.886343
-8.869890
4.101789
2.054594
-3.129258
1.684129
2.053056
-0.269468
-2.745467
7.453938
-0.144194
-1.687623
1.289111
0.017238
0.302334
0.671610
-1.312830
2.163698
1.742246
-2.073573
3.201915
-1.904413
-0.561540
2.509677
-4.772055
2.094675
19.625430
-36.495439
40.409872
-31.992349
-50.808555
43.203099
-11.280816
-6.868697
16.240059
-86.174200
46.300580
-22.002241
25.803147
23.771764
-183.815362
39.756803
56.366448
-43.335537
12.441159
-5.945611
3.542823
-3.531374
-2.781449
2.826069
-1.285491
-0.513824
1.247545
0.271750
0.326408
0.563694
0.152468
0.077482
1.090852
-0.502980
-0.283655
1.428370
-1.045689
0.424989
-0.421505
1.566110
-2.067398
2.208365
2.361555
-7.247918
7.439341
0.568806
-3.238721
9.390066
-0.557191
-25.504509
9.578521
-0.248538
-3.172753
3.696964
5.960151
-7.465190
-0.200993
0.889469
0.147143
-0.001657
0.927488
0.823468
-1.470008
-2.579273
5.035083
-0.158240
0.399683
0.580401
2.107703
-4.135125
0.058405
12.106338
-1.329341
-14.150629
17.057164
-5.469004
3.983278
-0.021099
1.306625
0.245538
0.667301
-0.344379
-1.906933
1.313777
1.130061
0.303924
-0.419032
0.059426
0.923773
-0.466029
0.274826
0.820269
0.286736
-2.576546
8.033552
-5.180548
15.596235
-12.787696
5.947326
-0.480488
-5.793361
5.915189
8.478762
-10.171626
1.743171
4.477509
-8.344920
9.708339
8.582447
-6.533383
-0.382295
3.957903
-3.177712
1.504950
5.323013
-0.624271
-1.426031
1.464359
1.170774
-2.469672
0.904847
1.238457
-1.044871
1.171360
0.203407
-2.050121
2.496249
22.795697
-18.773065
18.604267
21.657653
-28.330608
47.456996
8.805136
-35.457493
16.360632
0.089447
-11.124804
11.187717
10.354798
-18.815253
-6.219630
35.231312
-11.085030
-0.727074
3.367796
-3.073215
-2.958665
6.319015
-0.738449
-1.731847
3.906921
0.975116
0.795490
0.315336
0.997991
-0.006077
0.713421
-0.468768
0.341447
2.250886
-1.742603
-0.777227
0.899084
1.237462
-1.589512
4.195568
-6.799227
-2.124995
6.685940
0.121893
-7.317836
14.813353
-2.541171
-11.844855
18.011177
5.916724
-4.915015
-1.148959
12.713573
4.503923
-8.374778
4.315418
1.887560
-2.118290
-0.174383
2.473049
-1.574539
0.600177
2.170687
0.072511
1.171615
-0.011031
0.789318
0.951145
0.268671
-0.594295
9.473193
-8.718276
31.379752
-15.249025
3.241394
0.787255
-3.133662
0.649288
0.931258
0.353313
-0.373548
3.909419
-0.172647
-11.302858
4.429500
-0.831900
0.443516
0.226793
0.089691
0.270856
1.253772
6.264271
-5.482683
7.943902
-5.369477
-0.418896
1.158799
-0.101749
0.463912
0.908176
0.213580
0.445346
-0.362293
0.400523
0.475444
31.501802
-9.946363
3.925341
75.345412
-58.423829
-175.690075
135.115891
39.252355
-66.533045
43.575468
19.485932
-11.385552
-18.190105
21.268161
-7.939923
6.187673
-1.576579
-0.408350
2.456008
1.221696
-0.900444
-1.125299
2.316851
-0.127311
-5.065290
8.769167
-29.361822
1.393072
6.733685
-12.989751
11.192183
-2.802511
0.999834
1.105679
0.202595
-0.447314
1.499689
-0.931693
1.198451
0.113950
1.403229
-0.020224
0.339480
2.937054
-1.478992
2.157337
-3.698334
1.955027
0.879045
0.063717
-1.216024
1.452401
-0.146035
-1.413109
12.428356
-8.105881
-3.910646
6.226809
-5.534106
3.850198
4.913849
-5.622770
0.265350
1.442197
0.449884
0.049385
0.752644
1.554642
-1.600130
-1.422875
1.991530
-0.049271
8.105133
-5.613167
8.049809
-7.376203
-5.639378
3.676423
0.093129
-2.126296
1.919734
0.212232
1.025256
0.134287
0.116992
0.026934
0.880226
-0.832595
0.633037
0.453894
0.248793
0.138772
0.195685
0.085711
0.326663
-0.058936
0.364759
1.981113
-1.965786
2.149686
0.967505
6.287748
-3.406576
-0.443860
48.306603
-16.975006
-6.021435
23.238077
-2.214557
1.936482
0.954907
-0.942048
1.786132
-0.546187
0.578378
0.576764
-0.626161
1.268856
-1.488730
3.020635
0.058935
0.188000
-0.262682
0.203243
0.832628
0.654134
0.048418
0.519659
-2.423970
8.116867
-14.386422
3.353216
2.802261
-2.844083
-2.158379
4.914748
-1.688334
3.875676
-2.826478
-0.921128
2.802428
-1.811411
-0.766797
3.322818
-0.816758
-1.571272
1.486503
0.121451
0.227720
0.721652
0.158047
-0.400148
2.744105
-0.149622
-0.311160
0.514475
0.694093
0.910437
-0.695582
0.197090
2.318231
-1.475746
0.299801
0.395527
-0.745304
0.942841
-0.277146
0.214210
0.159224
0.373585
0.358629
-1.131211
5.384248
-0.588873
-7.426481
5.771784
-2.402144
-1.129627
5.514567
-1.858942
4.035649
-4.462708
12.706008
0.245445
-4.694853
3.346883
7.117337
-8.791617
2.433676
2.511883
-1.016274
0.124758
1.127979
-1.601466
4.430010
-0.047797
-2.999967
3.822646
2.301562
-2.636723
1.740931
0.269894
1.097066
0.507118
-1.321406
1.656620
0.591303
-5.881807
5.605741
1.846496
-1.019506
0.294041
2.237488
-3.696712
-1.772879
4.720860
-5.158764
6.434226
-2.316130
-12.286870
22.953552
-10.617639
7.712084
5.266260
-20.284188
-4.167949
15.519849
-21.905460
25.384962
17.804411
-45.380116
65.134081
341.720406
-429.002011
301.002632
378.375525
-449.992557
-263.390998
938.496468
-421.191478
-551.884860
312.337127
-28.072522
-3.586042
48.132572
10.562636
-51.375871
5.687335
-0.507245
-6.239464
8.079230
-4.812706
-0.425607
18.816845
-27.868173
6.908950
2.799158
-5.098562
2.913458
-2.345562
1.538244
0.422383
-0.190157
0.812348
0.582891
-0.036153
0.110196
1.853360
4.759892
-2.557882
-1.248071
7.098567
-9.959183
-11.165520
22.870866
-16.053748
12.226363
6.588772
-4.657290
4.731661
-3.325726
1.043395
0.297488
-0.187547
0.068666
0.802104
0.477667
0.478645
-0.330365
0.919155
0.602951
-2.028712
21.620174
-27.618001
7.095757
-1.115314
-8.558979
4.333511
-2.347641
-0.760999
4.078034
5.451032
-2.671730
-0.259632
2.411446
-1.782236
-0.028414
1.735812
1.176773
-0.762188
1.088694
0.194416
-0.753465
2.591031
-7.902764
3.874751
4.039416
0.300989
-0.706433
1.687591
-2.300554
3.436477
1.955809
-1.579428
-0.975439
2.545037
0.712358
-10.796179
10.945065
-1.901823
-3.799368
1.807576
7.024870
-4.730753
2.355810
2.916426
-3.057023
0.884156
1.008572
-9.087075
0.565031
9.086001
-13.173200
13.910567
-5.576474
11.343827
8.076037
-17.430878
-0.565667
7.080073
0.387484
0.537323
0.036589
0.505883
-0.178248
0.349154
4.693110
-1.204814
1.362605
0.623232
-2.534141
4.695770
-3.526150
0.821179
3.538823
-2.792561
1.636144
5.231524
-2.664647
0.841574
3.023575
-2.616344
-0.814954
2.150696
-4.697872
1.259145
5.078457
-4.190483
-0.491510
4.361540
-2.936427
0.666692
3.615985
-0.688973
1.807212
-2.625656
1.723430
2.025134
-0.383178
-1.885059
3.240133
0.636909
-0.156039
0.792938
0.218696
-0.693487
1.302963
-0.642477
1.509127
1.879533
-2.940243
1.457228
1.674221
-1.454030
2.832982
-1.889208
-3.184661
14.371019
-7.748105
1.486197
8.673945
-9.888484
0.012981
3.699370
-4.981204
2.877438
8.313822
-1.967683
1.225203
0.031094
0.490549
-0.022045
0.744224
3.088435
-0.694616
0.904052
0.518419
0.258351
-0.575299
3.601922
0.005586
0.229914
-0.166897
-0.235299
4.059078
-1.889612
2.344054
1.258033
-0.564530
-0.992260
3.575305
-1.538683
-3.087199
4.568120
-1.008926
5.349698
-0.893877
0.012661
6.283407
-4.761506
1.804513
2.221586
-0.194344
-2.449314
3.241845
-0.799147
-0.047757
0.544807
0.485198
-0.211265
0.465516
0.132993
0.299940
1.253699
-0.937619
1.351203
-0.527780
-0.038816
0.926795
0.223756
8.449574
0.024774
-7.205572
5.023563
2.154308
-2.072962
1.488744
2.607847
-0.723969
0.605422
2.681396
-0.959776
0.976672
1.235161
-0.446101
0.985593
0.533432
0.690177
-0.324177
3.019371
-0.525908
-5.992286
8.908340
0.197219
0.491784
-0.355593
2.375744
2.239786
-1.656404
1.353816
1.979274
-1.619615
-2.659444
6.452970
-3.411451
1.017166
-0.550776
0.666292
0.251770
-0.057455
0.732322
2.169396
-1.617791
1.672527
1.902674
0.074127
-0.680742
2.276951
-1.888447
2.865855
-2.688949
-0.909274
7.384918
-6.066515
-0.742862
1.625597
2.445962
-2.328164
-1.742982
3.142669
0.620146
-3.482533
1.294648
0.784374
-0.111679
0.845716
6.216833
-5.002616
8.959723
1.791911
-1.851422
2.481948
-1.644749
-1.213563
3.758576
6.414005
-10.280959
10.745351
42.246919
-37.831186
-18.694941
47.501423
-51.181448
51.340671
17.295692
-54.505889
2.864373
0.108336
-1.396118
0.633104
1.538135
0.336403
-1.851458
3.407965
-1.518990
1.034638
0.831858
0.331491
0.944717
-0.223794
-0.752034
2.566566
-1.744167
1.548670
0.928028
-1.149900
1.484441
0.772243
-0.341414
0.826277
0.475781
-0.603084
0.922487
2.094500
-2.636475
3.296243
1.870873
-1.322033
0.567633
2.021271
-1.120900
0.025700
2.487737
-4.060492
2.463852
-0.542042
0.335151
0.477738
0.079509
0.542321
0.498980
0.473396
0.031398
0.234192
0.072209
-0.511876
1.427610
-3.061832
2.551986
6.593440
0.777516
-0.256191
0.388254
0.230895
0.511656
0.169857
1.987094
-4.189713
0.875778
4.606993
-3.607797
0.975106
1.190715
-0.616658
0.894442
0.855956
-1.389120
10.005943
-21.156986
8.480419
-0.185161
-2.700592
2.625858
-0.203497
1.524053
-11.709172
10.395063
-0.010487
-2.521555
1.600319
4.982973
-4.897813
-2.953204
13.970639
-1.073287
-6.607602
6.245282
6.390069
-4.256677
5.099451
-4.030982
4.763638
-3.730856
0.876847
3.934032
-0.976628
4.854211
44.563810
-18.873133
-2.179599
12.972630
-8.136707
-1.636744
29.491700
-5.381201
-1.185818
5.782477
-8.291245
7.460678
0.060574
-0.272700
1.238459
1.740602
-14.335309
26.168437
-16.355728
-1.705082
42.127603
-41.790996
49.765899
-6.672803
-16.555104
5.611098
-0.840767
-1.313201
2.332583
-1.432676
-0.516799
1.710512
-0.174356
-0.372125
2.176518
-0.189146
0.582458
0.247453
0.546328
0.489160
-0.007336
0.710003
1.224223
-0.931233
0.241535
0.783096
-1.089107
0.699613
0.942786
-48.580076
146.647481
-98.265156
65.742084
8.165647
-67.159905
45.278441
13.585694
-20.969454
10.571080
8.192148
-23.095546
-12.964418
48.064614
-11.700002
-0.385250
25.071628
-1.650803
0.742518
-0.897192
0.962789
1.794992
-3.349922
3.240116
-3.272156
2.746036
-3.269926
0.032289
1.663778
-3.949258
-1.484401
2.131219
-0.169171
0.838176
-1.146192
1.024250
0.826617
-4.229003
10.111935
-3.731515
4.411380
-5.960450
4.677052
-2.905812
-4.813015
11.200135
-116.855048
54.321604
-13.674885
-0.231714
12.565837
-2.448542
-5.378031
13.042385
10.394082
-13.247394
4.115176
-4.088580
1.098925
1.020813
0.717098
0.010312
1.588229
1.312015
-0.717742
0.224926
1.385143
-0.454032
0.137968
1.479822
-0.041350
-0.337425
0.686025
0.272146
0.373496
0.212141
1.170110
-2.976820
28.595818
-21.332806
5.430281
1.902534
-4.993629
3.881782
-1.427649
0.874131
0.377416
0.976791
1.020409
0.143432
-0.105463
0.382170
0.956811
-0.399809
-0.253895
1.729547
-0.335315
-1.488941
7.168183
-3.593585
2.001036
-0.066064
1.227436
0.882969
-0.596413
0.798298
-0.123585
0.584641
0.114972
-0.101029
0.310092
0.897647
4.008599
-7.074268
11.440863
-2.961464
-5.383936
18.800174
2.978294
-13.574343
9.493316
9.592120
-10.792117
6.276993
-4.101185
-1.008345
7.941498
-14.929435
-0.932518
17.988509
-19.500365
6.457485
-7.128207
-1.285293
3.487073
-4.688539
3.460116
11.139537
-10.118643
-4.535054
12.001420
8.724598
-5.255093
-0.860188
1.627276
0.744454
-1.170412
0.648082
0.701198
0.294131
-0.278673
0.550993
0.046142
0.516417
1.273554
-8.585763
6.517713
16.611547
-234.461585
63.804772
-20.643459
1.009221
12.808477
-27.736686
-1.990800
10.294789
-10.038886
8.203021
11.471813
-10.778374
2.991006
1.664080
-2.130733
1.914084
1.690705
-3.705981
7.376267
-5.136117
-1.058448
5.616191
3.427877
-173.883898
127.333525
272.288723
-115.505868
-192.682928
137.115471
61.306462
-151.211265
112.014567
-284.327065
117.797675
459.392732
-661.586027
-80.220009
430.428286
477.580593
-662.688207
289.216810
-29.817495
-17.315000
32.557747
-56.401991
19.716628
111.110420
-138.362514
-3.506550
66.885830
-34.488261
8.250964
-2.989588
-0.031410
1.711785
-0.420180
-1.430065
2.258089
-0.685911
-0.023547
1.109492
-2.752847
2.079038
-1.845262
0.700710
0.484672
-1.180272
-1.206179
4.310308
-1.921830
-3.600188
3.798717
-0.627854
-4.119844
8.404544
-0.830084
1.114318
0.228688
-0.685283
7.764632
1.025683
-0.036293
-0.182344
0.802580
0.503780
0.099637
0.694164
-0.318295
-0.554156
1.939748
0.689357
-2.816985
4.941250
1.175722
-2.194894
0.535315
4.385180
-4.190810
1.565538
3.793762
-1.453255
-0.918627
3.527413
2.272221
-4.675473
1.005407
2.177752
-0.992652
1.451994
1.010518
-1.144093
0.032185
3.605943
-3.894778
-3.548753
4.729118
1.161850
-17.026092
40.784092
-7.675679
-24.162533
14.341121
-6.383628
5.570114
5.285434
-7.442517
3.236810
7.027359
-7.414163
1.967673
-1.232452
0.722559
0.899307
1.378591
-0.700093
1.892243
-0.123915
0.593919
0.876616
0.119799
0.767489
0.091858
0.216461
1.132976
-2.480113
0.348272
1.551113
-1.087673
-0.687297
1.020380
-0.440495
-0.629620
1.863513
0.273253
0.639718
0.086745
2.932324
-5.942655
3.546460
1.951799
-1.140086
1.053703
0.765314
-3.405455
0.131233
1.313878
1.051994
-3.136337
4.310918
-5.340558
-3.134058
6.800473
-11.954956
2.937649
0.891591
-2.824691
12.267683
-8.860622
-8.800996
15.510753
-4.704332
-16.583501
27.634317
-0.214026
-6.075529
1.309000
3.263893
-3.581737
-1.259464
2.186878
0.213251
-4.930780
5.123581
0.044803
-2.953188
4.047884
-2.706688
-0.157456
2.143600
-0.821906
0.470504
1.285266
-0.149424
-0.752032
1.629115
1.604336
-2.877031
-0.787737
1.623837
-1.639870
1.278614
0.748295
0.228885
0.146793
-0.282100
0.728632
5.338734
-2.671757
-3.889064
2.113559
1.894300
-2.754522
1.580817
1.259968
0.202853
-0.189136
0.834151
1.564930
-0.113255
-0.721979
1.902058
1.443207
-0.639710
-0.214258
3.274037
-0.753316
-20.397194
19.383243
4.999207
-3.002095
-4.991517
6.448652
2.643044
-4.602864
3.052124
-0.186369
0.202146
0.710695
0.476800
-1.177360
-0.152092
2.161319
-0.953527
2.566583
-0.027597
0.239047
2.314840
-0.777984
1.160534
-4.045756
0.813609
-2.482715
2.606605
-0.194438
-13.909185
2.160136
2.721878
-1.712378
-0.286912
6.222979
-2.041314
0.351538
1.815310
-0.879567
0.840473
18.083553
-0.897169
-5.746816
33.269264
-25.961870
-8.476026
6.901002
3.640334
-1.911174
1.541819
1.910628
-2.393062
-5.273517
7.078103
-0.160045
1.550088
0.224274
-1.449817
3.148883
1.602325
-1.654864
0.485567
1.102896
0.049561
0.433762
-0.278838
0.649197
7.238403
-21.289129
-26.482329
281.030822
-115.596489
160.321296
-150.462580
117.276361
-5.355584
-93.549599
208.597110
-45.170814
-362.146985
58.179661
112.614763
-70.536738
21.220944
-20.058584
11.285444
-1.612387
-0.838192
7.008310
-6.315256
-4.008856
9.318821
1.582752
0.210143
-8.034526
6.507218
-2.692908
2.187868
-1.567603
1.209097
1.152755
-4.534439
4.853272
2.032433
1.190162
-4.317104
1.981772
2.984599
-3.640144
2.672667
1.949778
-4.718693
6.852191
0.433481
-5.225155
2.983950
-1.635678
-0.453305
0.927928
2.333348
-4.047023
4.156777
1.724935
-2.127777
0.800317
5.170347
-9.115153
12.135376
-6.320163
4.920435
0.971128
-3.996218
4.398237
0.434835
-3.452186
5.052240
-1.914956
-5.361600
4.828280
-1.378832
-0.844293
1.238807
0.596017
-2.262831
1.483783
2.178198
-0.673133
-0.738170
1.099683
0.487535
-0.388283
-0.050508
0.697928
0.448891
-0.281915
1.970961
-1.438928
-0.533622
1.461083
-7.193175
3.506855
9.545067
-7.888456
1.361557
5.185633
-5.922233
2.782276
10.027717
-7.885844
3.509470
-0.380247
0.049447
0.734793
-0.431091
0.440662
0.380220
0.363962
-0.150530
0.185578
2.017806
-0.488051
-0.181554
2.205075
-1.413527
-0.289079
1.664653
-3.416754
2.326733
2.711343
-2.134344
1.430980
-0.135551
-0.306260
0.607391
2.010925
-0.888942
-1.800715
3.225645
-1.013771
0.196064
-0.044263
-0.133868
2.016414
-0.119487
0.196576
1.094383
-0.389341
1.606748
-1.107339
1.294067
0.616465
-0.273514
-0.177296
2.212951
-1.241495
-2.651620
2.231383
-0.217322
1.060412
0.003631
-0.042851
1.962001
-0.081760
1.119281
-0.313639
-0.175536
3.007781
-1.829265
6.887729
2.799051
-3.020715
8.545830
-2.609190
-1.057715
2.145368
-0.401011
-1.934542
1.879323
-0.579915
-5.121840
8.898622
-2.697396
-7.533076
12.867171
-18.380328
-8.596472
19.649475
-10.389354
-90.299001
71.505021
-0.620097
-9.176893
1.102222
4.963810
-6.018948
0.059371
0.719918
0.215864
0.430134
-2.347051
2.110088
0.652744
-0.632556
-6.837080
7.596321
-18.929599
-1.967401
13.669357
-61.957528
3.378263
-0.705173
0.018867
4.502443
-2.629068
-1.868630
1.392570
0.639726
0.080482
-0.815979
1.072002
0.575214
-0.815550
2.084411
-2.136426
0.111832
1.948876
-0.695969
0.446883
0.844126
-54.959052
46.588985
-12.711470
36.243010
12.839773
-15.731958
6.732755
4.129744
-9.070605
-2.036735
6.937902
-2.063031
0.524975
1.423747
0.627908
-1.500483
1.304368
-0.190354
-0.160730
1.264887
-0.175476
0.449887
1.012315
0.055657
-2.083245
15.344795
-3.515891
0.642485
3.839594
0.060273
0.291392
1.063979
1.305551
-1.996742
0.770649
1.554612
-11.665482
14.430796
-4.656586
-7.260404
10.470965
-0.891672
-3.443547
11.010959
-5.490905
2.716459
9.259819
-2.385414
3.800410
-2.840476
3.216674
-2.146238
1.187123
-0.176741
-0.381718
2.227866
0.011046
-0.428067
0.812634
0.737067
-0.476007
0.822609
1.912504
-0.431296
1.037003
-0.203259
-0.735230
3.953445
-5.209349
0.897392
6.140111
1.308791
-2.382741
-0.515893
2.412807
-2.772367
0.175557
4.168236
-4.775754
-2.097276
5.058755
0.890480
-3.105781
0.048756
0.390244
1.199064
0.049384
0.024319
0.714561
0.386831
1.718411
-0.687279
0.452016
1.139997
1.945393
-1.595451
-1.500301
5.215564
1.364407
0.084943
-0.301610
0.755719
0.997283
-0.539262
1.068022
3.108278
-15.078816
14.090816
-0.863296
2.632919
0.182270
0.190297
-0.095391
0.285518
0.281799
1.114219
0.395744
-2.024615
3.309227
-1.452364
1.128264
0.437893
0.385745
0.071939
0.282512
0.438821
0.542242
0.534365
0.710203
-0.149483
0.603424
-0.123930
1.254914
1.475432
-0.941150
-0.340999
5.350693
-6.384871
5.364704
-1.913490
2.266296
-1.018445
1.066385
0.389965
-0.189033
1.075500
-0.134939
1.101687
-0.597973
0.423299
3.268003
-2.218083
-7.671059
5.811242
6.284837
-12.754609
-29.850136
16.480661
1.037132
-23.937023
37.704258
1.702242
-8.009483
11.187791
10.571718
-1.672588
1.446852
1.222475
-0.920223
-0.135521
1.899720
6.392012
-10.322938
18.504469
-3.168485
3.228408
-0.533522
-3.884919
4.500677
2.414716
-3.320416
-0.308278
4.766237
-4.873001
16.405385
1.922038
-5.447832
5.028366
-0.058937
-1.273456
1.496883
-0.453890
-5.720559
6.796271
-4.294665
3.410963
3.465954
-3.008420
2.686535
2.727764
-3.404049
1.143590
2.418417
-1.909205
-2.964713
5.074598
-1.474457
-0.921501
4.540436
-1.459083
-14.469833
2.597896
-1.192405
-0.112260
0.764381
-0.035554
0.192420
-0.196797
0.452650
0.350448
0.756769
0.108544
0.585627
-0.086367
0.083534
0.896146
0.606596
-1.189819
-0.304914
0.475500
0.652722
-0.337362
0.241672
1.464667
-0.386887
8.455267
-7.800428
-0.908157
6.628388
-9.105640
-14.249564
12.757527
33.491832
-45.952908
12.540550
-9.101954
2.918706
0.029753
-3.557801
6.144556
-218.041910
275.974206
-273.050380
287.607026
-154.923373
127.705992
3.648501
-3.731475
-3.557411
3.778338
-0.090231
1.132700
0.242146
-0.717318
1.676740
1.092821
-0.303272
2.403297
0.220491
-0.868613
0.989205
0.526190
-1.792641
1.281895
9.470606
-4.055265
-4.545847
7.424801
-6.608277
-0.657061
5.511787
-2.224820
-2.734967
2.919787
-0.605244
-3.307237
6.301206
-0.770716
0.621737
0.896911
-0.745427
0.047839
2.121642
-1.694277
0.177918
3.784118
-0.399591
-3.171080
4.136389
0.013444
0.048384
0.347291
1.439881
0.109769
-0.639766
1.247659
1.492667
-1.119798
8.982091
-14.357874
-1.887591
45.705563
-37.244244
-14.813281
52.812831
-32.840823
-83.441999
62.300446
-95.980235
-20.999443
93.679875
3.923245
-115.374731
21.964991
-3.206490
-0.888083
5.169497
0.932776
-2.549063
0.910665
3.692180
-14.494644
-0.720573
6.945142
3.358617
-6.704126
23.135576
38.512922
-49.909076
2.143012
0.884601
-5.573607
3.229383
0.797994
-1.421559
0.483523
0.616593
0.108199
0.250242
0.144408
0.248076
0.069877
0.157793
0.893380
-23.368897
29.079258
11.250983
-36.253972
15.071024
-14.527043
6.693448
17.322684
-46.472945
-14.576823
24.237222
8.090218
-17.833934
0.293409
13.999362
-7.128729
2.704143
6.065062
-4.757216
2.111423
0.301608
-1.351482
1.995596
1.346988
-4.585439
39.455207
-13.731850
5.028687
-2.840410
2.692938
-3.813528
-0.972445
4.840295
1.725053
-2.109831
1.154725
1.476449
-0.116105
-1.586906
1.734126
0.776526
-5.707175
3.753012
0.561981
-2.403330
3.893764
-2.784453
-0.320120
2.580996
-1.532705
0.462455
1.880842
-3.398808
0.688821
1.337649
-2.508184
2.537240
2.797297
-3.672247
-0.916725
3.186882
-9.506011
8.078633
4.414397
-6.263815
16.497343
2.842875
-6.299143
3.424823
-8.187667
6.448988
-1.608631
1.038399
1.191437
-2.070600
1.341711
3.246306
-2.011185
-1.425215
6.121688
0.386685
-27.362669
31.315810
-64.254687
126.917099
-337.720445
133.812062
26.272346
-32.096973
-7.551390
8.216447
-1.267433
-4.407697
2.255048
-0.285878
-0.637660
1.733517
-1.777938
-0.245380
0.874926
0.864885
-0.740479
0.117159
0.527863
0.558333
0.108862
0.695578
-0.366500
-0.156050
0.642591
1.470796
-0.887499
0.750618
0.225725
-0.421241
0.002624
0.995383
-0.943868
3.914658
-2.051342
-0.072209
1.356185
1.780194
-1.800289
1.430488
3.078846
-0.257815
-23.804734
15.746159
20.829501
-14.247945
-15.067410
41.703672
-48.517987
-50.197580
40.869927
0.355351
-63.777653
51.775835
25.036789
-85.329622
22.885934
9.637193
-21.724592
3.113121
7.960754
-6.465777
1.037075
2.126935
-0.997813
0.471136
1.174472
-0.691265
0.052009
1.252484
-0.244065
0.434565
-0.172616
0.950254
0.863179
-0.108154
-0.152282
1.300153
-0.127572
-0.548646
5.696271
1.095542
-8.075256
7.279272
-8.034230
1.653277
0.376509
-1.167149
0.337458
1.150724
-9.332320
5.466421
16.940333
-19.246124
40.415327
-65.349765
-7.645158
6.970692
11.315985
-24.261087
11.715382
-6.278079
-1.017707
2.393144
-0.356693
-0.968150
5.657737
0.803713
2.065429
5.119544
-5.935386
-1.077550
5.287654
-2.712006
-3.306849
2.678137
5.224907
-5.099982
4.805614
5.132396
-11.931058
20.604166
-11.780048
1.347223
-0.370532
-0.575943
3.617191
-2.092903
-0.102664
0.690887
-3.573816
1.777147
-0.677211
1.540370
0.696377
-0.651395
0.178039
1.502348
0.100514
-0.820132
1.358786
1.469638
-1.605287
0.122340
2.692479
-1.643379
-6.254438
10.194276
2.150044
-11.323506
22.736387
-37.576588
158.790687
-28.934851
-38.709094
29.039578
11.857093
-24.463205
12.595425
13.982589
-17.720924
-2.940822
13.569642
-11.084733
-9.509667
17.198817
4.094576
-9.771941
3.732678
0.364485
-0.440255
0.866786
-1.520756
2.155550
24.092109
-38.672545
26.194950
-23.119113
-0.002175
1.050670
0.504018
-1.431168
3.798954
1.325015
-1.211883
0.535417
0.852090
-0.934748
1.808069
-0.125307
0.805572
-0.349712
1.399480
0.885654
-0.843639
3.255397
1.355024
-7.211325
2.550037
-0.310683
-3.743544
0.520899
-0.199142
0.705462
0.979749
2.927998
-6.554728
0.417186
3.384308
-3.978921
1.068958
-0.001820
-0.699836
0.993626
0.244691
0.463551
0.388100
-1.102878
2.580295
-0.982383
1.392521
0.733106
-0.436093
-1.238153
2.517820
-2.634470
2.484079
-0.529002
-0.307588
0.898918
0.917251
0.806493
-0.122280
0.946807
1.897422
-0.878553
-1.070913
2.588262
0.453395
-1.888206
2.043571
-0.797230
-0.297051
1.393797
-0.391506
0.246148
1.347126
-2.824775
1.303599
5.509388
0.130710
-12.751276
3.347029
-3.185859
0.638672
1.205182
-2.695622
7.879537
-7.329413
4.455793
-0.008910
-1.998110
3.154491
3.035727
-6.096218
3.460166
-7.267894
7.068733
-3.689462
1.729999
1.450294
-0.100660
-0.232465
0.696681
1.473598
-2.145840
0.221864
3.071891
-3.114089
1.655058
0.457559
-3.488202
6.714951
-4.116346
-1.866857
7.050220
-5.000544
-1.223921
3.335384
2.712120
-0.508050
-0.577106
0.959575
1.356416
-7.236963
0.463496
6.435522
-4.358461
17.843403
-12.408490
-8.316885
13.946800
-0.755642
-11.225453
53.232324
-29.925582
-196.268673
44.410071
-21.395755
-43.178666
104.647518
-16.420348
-29.216948
188.293121
-815.907333
339.307237
-76.675149
-11.009850
74.944007
-63.204613
-4.907260
79.160080
-113.926436
109.904605
65.430121
-179.921174
21.579501
214.431964
-164.693511
32.171288
109.609867
-136.516668
54.184961
8.163957
-43.322384
1.201312
28.707420
-10.133143
-9.111304
9.188442
-6.838576
19.137714
-3.663148
3.277185
-14.865664
7.221914
-5.776388
0.789400
8.186408
-2.847985
-0.168163
3.725910
3.054619
-1.166551
-0.293115
1.313729
0.884698
-0.326186
0.487590
0.440871
1.326314
-0.992203
0.874942
1.386756
-1.951949
1.079416
0.216379
-0.410246
1.893270
-0.825133
-2.022140
1.870036
2.615490
-7.628952
2.732685
8.462722
-9.065896
10.202554
-4.039306
0.551873
1.390184
0.915338
0.003116
-0.070874
0.564656
0.048355
-0.033368
1.493104
-0.994173
-2.113008
1.503113
1.439138
-1.153375
-0.784088
8.548591
-5.340391
3.108616
2.064956
-1.866006
-0.555220
2.848210
0.657083
-2.460750
3.775650
1.358491
-15.452191
-6.368747
23.997849
-14.353340
4.686824
9.194804
-6.901754
6.876467
-10.940033
5.978619
2.522533
-5.560577
1.345008
-0.297335
2.021297
-0.167208
-0.126089
1.286750
1.965656
-0.309940
-0.127577
1.028282
-0.588510
0.533196
0.832818
-0.547529
-0.119991
1.783769
0.082996
-0.303927
-0.333878
0.869560
0.641400
0.989202
-1.079658
0.770739
-0.322435
3.178581
-0.643620
0.984843
1.211031
-0.579584
2.275220
0.309341
-1.478977
2.352766
-0.488141
-2.978513
1.203782
8.797448
-1.383438
-1.666532
5.222765
-2.958854
3.800658
1.058564
-3.040166
0.629791
2.280334
-0.137138
-1.142673
1.308028
-0.069548
-0.567843
2.724629
0.495381
0.853242
-0.816350
2.198455
-1.472365
-3.951266
3.756671
3.622418
-2.826422
2.324058
2.534420
-0.019772
-0.219444
0.382968
0.681119
-0.044110
0.278666
0.061985
0.327988
1.109174
0.519875
-1.496089
3.240600
2.083142
-4.557403
5.442906
17.238465
-8.846591
-8.474184
20.422448
-76.403492
-1.029318
2.563936
4.713329
0.161157
-0.727286
0.260762
1.041097
0.064398
-0.724700
0.977323
-0.614448
1.195459
-0.489524
0.485374
4.599942
-3.321672
0.985011
1.550643
-0.537543
0.006520
0.958230
-0.176796
-1.499866
2.186182
8.388806
-3.919150
3.950321
6.404132
-3.005882
4.597876
0.786660
-1.501496
3.962772
-2.506499
-2.565937
8.542296
-1.907882
-1.074988
2.007401
0.788499
-0.770060
1.853154
0.743976
-0.474996
0.183790
0.346539
0.199528
0.598505
-0.365866
0.744892
-0.128159
0.406579
1.094718
-0.808070
-0.162481
2.512118
0.359938
-0.074157
1.208239
-0.561226
1.585391
-0.820826
-1.778325
60.666809
-33.043712
6.876271
7.760754
-11.290587
8.060432
8.199565
-4.789213
7.325573
-13.616721
-0.202199
5.164980
3.128641
-6.829423
-15.094880
38.899375
-21.389766
1.991876
17.631491
-12.559243
-13.401678
35.205584
11.222780
-34.220477
50.469335
-13.249512
-24.440820
46.048020
23.928603
-25.494895
0.363087
25.257015
-3.688990
-4.184318
7.487660
-4.980681
-4.880222
5.167850
4.045078
-0.421922
-1.071166
1.277981
0.333370
-4.284137
1.574178
-0.039160
0.143417
0.195738
1.708271
-1.091921
0.162547
1.807732
-2.244119
-0.356408
2.044157
-0.201682
0.246763
0.026222
1.450122
-0.162239
6.604192
-5.832183
-2.402021
14.463559
-9.569547
3.814899
31.291368
-21.529423
-12.752741
56.719101
-79.597507
-11.357227
22.310017
-16.474421
-3.156177
6.638934
5.582831
-11.520506
7.779245
5.326128
-6.148555
0.760728
0.023600
-0.061235
0.531675
0.322221
7.302002
-2.003348
-5.800822
1.651959
5.330226
-2.563190
3.938612
-2.800084
1.180743
0.251056
-0.985463
6.954169
1.615598
-2.973800
-0.933344
1.594405
-2.029785
3.241138
0.569592
-0.158898
0.500652
0.196134
0.518680
-0.631633
0.769282
-0.703852
1.449977
-6.208451
163.497898
-78.876711
191.496783
-115.281009
153.614696
-440.954893
267.030408
131.546040
-87.190165
-0.605312
50.108408
-146.474704
2.559393
-0.193768
0.356119
0.375781
0.648283
0.379400
0.981056
2.098497
-2.467726
1.770808
1.605456
-4.224055
3.651252
-0.921119
-1.861169
1.810008
5.002442
-12.000801
-4.236956
129.963343
-34.954720
-3.263129
18.109058
-4.889839
1.313249
-4.527729
-0.101316
6.896913
-9.141212
7.082530
5.719216
-6.875397
-0.557670
9.130158
-8.903352
2.083527
1.991990
-6.551160
3.400395
0.308951
-11.155091
6.760342
6.436688
-12.317398
25.024454
-404.709465
213.034662
142.296641
-4172.125439
1789.154438
-786.309748
223.755714
23.785227
-158.615388
63.354523
-45.118907
2.152174
35.422098
-17.729958
-3.018268
10.321034
1.169583
-3.042288
0.009792
0.931154
0.586976
-0.112212
-0.357670
0.805009
-1.792320
0.514373
1.853974
-2.136826
1.203336
-0.299576
0.691753
-0.135093
0.632894
0.232833
-1.460362
1.578673
-2.413521
1.032920
0.311718
0.107887
1.124134
-0.818555
3.893371
-40.534931
74.585316
-209.487775
69.842161
-32.886241
4.765950
-4.056166
6.084013
-0.238282
1.755270
0.478855
-0.877557
1.098182
-0.560670
-0.579518
1.924216
0.567841
-2.980952
3.931883
2.724691
-6.563657
-1.691145
0.708725
0.800132
-0.265115
0.883546
1.302546
-1.729446
0.471859
5.955597
-6.157756
5.762925
4.137860
-2.692223
2.811478
0.392146
0.998513
-0.984914
3.211411
-2.202779
-1.311388
3.582534
-0.221323
1.691288
0.304935
1.872460
-3.402735
-1.384599
12.942886
-204.599354
423.570507
25.020355
-389.909814
168.575193
697.139971
-1277.605065
-711.782548
1193.931785
398.493872
-1705.701203
1783.474758
22003.549426
-2298.768793
7.185844
78.193551
-70.510880
26.985581
-4.508029
-6.588872
4.993905
-7.637993
1.804535
-1.370636
1.261345
0.575953
-9.767617
4.333267
-0.267920
-1.317933
1.683982
-0.693268
0.812028
-3.117016
0.822791
3.373071
-2.145104
1.141140
-0.260291
-0.453192
1.400625
-0.100466
0.442326
0.245837
-0.188003
1.807448
-1.705175
1.347896
1.130854
-0.694440
0.124373
0.719801
1.262534
0.240822
-0.341791
0.464371
1.857061
-1.492720
1.687134
0.878674
0.700969
0.126335
0.752372
0.170804
0.214082
-19.925197
11.145580
4.651810
-11.536154
4.954591
1.925566
-2.332511
0.973476
0.996961
-0.096326
0.011845
0.332277
0.155726
1.186657
-1.283273
0.014191
1.718938
0.466958
0.373488
-0.892090
1.282485
-0.289954
-0.123995
1.568627
1.532720
-4.109382
244.700978
-83.749286
-58.306979
232.026571
-83.843610
17.717192
17.418966
-26.920066
0.603307
0.922498
-0.484169
-2.232312
8.013897
3.721758
-3.816040
1.330439
2.736414
-1.786570
0.052338
2.856200
1.045771
-1.316783
1.039980
0.294195
-0.233835
0.845570
0.694741
-0.893418
1.643773
2.413763
-5.604325
0.434958
1.180056
-1.873298
3.295685
1.523798
-0.542728
0.206411
1.133875
-0.493374
0.601569
-0.071054
0.740184
0.375394
0.542168
-0.852721
1.691907
3.893235
-1.674539
-1.643774
3.342090
2.271066
-13.633038
2.870117
-1.918273
-0.988349
1.318098
-0.782516
0.323717
1.392848
-0.841823
0.696628
1.744659
-0.129584
-0.256671
0.298740
0.220541
0.871181
-1.112819
-0.345385
4.071217
-2.538863
-3.374556
8.763963
-7.880448
2.937785
29.636919
-29.146696
-25.132339
28.367541
4.871232
-107.431461
37.891702
81.938420
-104.855933
-53.378764
282.571276
-256.866678
338.694606
-231.215241
211.628906
-243.055576
2.765508
-0.082298
-0.172967
1.011582
0.332374
0.251557
0.717723
-1.990658
0.804043
1.771040
-1.364618
-1.091753
2.250867
10.483976
-4.905565
-4.300451
1.891602
-0.155243
-0.078951
1.730425
-2.455233
6.505187
-1.253897
-7.632482
13.694184
-7.237096
13.124372
8.814098
-11.190692
-0.901741
3.204715
0.231469
0.189548
-0.153754
0.535491
0.661674
0.043543
0.219510
-0.006256
0.242367
0.488585
0.744543
-0.831609
0.033970
1.387374
1.649427
3.946275
-6.038335
-1.599094
4.123441
2.278219
-3.579780
2.164779
4.252834
-7.130608
2.650468
15.531770
-31.209485
8.562016
35.538823
-113.064574
17.943428
-11.905156
-10.846927
11.281378
-3.250535
-79.742319
39.676835
10.687636
-12.658093
13.073007
9.538074
-16.452524
7.738097
1.797923
-13.111722
-5.974925
3.210541
1.302145
-1.546846
-0.495481
2.060982
-0.153038
-0.101607
1.868403
-1.185170
-0.239136
1.379380
1.675409
-1.837510
-0.141845
2.639536
-1.250646
7.329360
0.179112
-10.331545
4.946989
-0.117981
0.557835
0.842148
-0.205497
2.895916
-0.806589
-0.925569
1.764937
0.166070
-27.695376
20.163107
12.983557
-12.091226
-1.985853
6.997105
-5.038570
-1.934028
17.790476
8.256045
-14.277268
20.244709
0.224050
-0.209444
0.351296
1.043898
-0.205907
-0.676521
0.991261
1.297807
-1.495731
5.795059
2.564389
3.064691
-5.228552
6.405347
5.504369
-2.657960
-1.138509
5.067761
-4.369154
-1.296055
2.719233
-4.710059
0.502646
0.906373
-0.702627
-0.416560
1.236753
0.313315
-0.308489
1.768980
-0.240206
0.159091
1.030251
-0.414968
0.611128
0.255144
0.645401
0.666008
0.445125
0.134965
0.759135
-0.375182
1.354678
-1.440439
2.298213
-0.065001
0.404920
0.795497
-3.027676
2.939074
0.764401
-1.331531
1.838602
-0.390914
-0.119172
0.773752
-0.385067
0.884174
0.376521
-0.752522
1.300232
0.900570
0.190755
-0.084011
0.071057
0.435823
0.102996
0.274921
-0.381125
-0.025205
1.282191
-8.499152
2.316509
0.344681
-0.106847
0.358162
0.732212
-0.612025
1.038333
0.728497
-0.721489
0.874010
0.826087
-0.306761
0.736874
0.061461
0.575000
0.211524
-0.418923
0.789524
-0.921065
0.295564
0.610808
1.082135
0.170966
0.218632
0.415047
-0.206923
0.518202
0.547112
2.112261
-3.991204
-2.327644
4.869490
-1.175137
0.031208
7.863870
-2.543841
-27.882736
5.438479
2.442705
-0.746322
-2.741148
4.236015
0.802735
-2.709090
5.231549
-11.753559
3.252782
1.100437
-3.508043
2.750690
14.862863
-8.501177
-3.274742
7.189783
-0.095055
-3.302844
3.099233
-1.335869
-0.412307
3.466459
-0.697743
-1.620512
2.702823
-0.020705
-0.504887
0.949776
1.750267
-0.906895
-0.518427
1.677529
1.741608
-1.237855
0.610346
2.546125
-1.877749
9.118752
-9.232329
8.982691
1.446565
-9.943753
0.373876
6.320196
-5.144098
1.061431
4.221761
-3.650929
-0.518743
1.316819
2.558783
-1.863161
4.591280
3.536322
-3.872714
4.306328
-1.658648
-0.881318
3.482077
-0.796258
-0.945791
5.203996
0.005597
-0.513223
0.746841
0.966917
-2.705335
7.495058
0.967543
-9.200696
11.077858
1.294414
-1.968655
4.779773
-0.519062
0.503002
1.093990
-0.888643
0.916648
-0.819243
0.870689
0.379713
0.031545
-0.658515
3.147928
-0.182774
-2.299242
1.521171
2.260958
-1.381857
-0.960132
1.371423
-1.401671
14.120134
0.768015
-2.497552
2.742016
0.595775
-0.086756
-0.438203
0.335707
0.311373
-0.459694
0.858886
0.319320
-1.661549
0.442991
1.395980
-4.284494
-1.803111
5.179171
-18.778060
3.539219
1.247499
-1.992916
1.753098
1.128161
-9.239615
5.631632
-0.483851
-6.368183
7.128935
0.603388
-3.022964
3.569370
-0.192134
0.671794
-0.285898
-0.422221
1.149005
-0.002538
-0.143481
0.507541
0.107415
-0.255182
0.727297
0.135618
0.707496
0.515596
0.777210
-1.950871
2.431091
1.507666
-3.441054
3.489202
1.662763
-3.935987
-0.958746
4.026411
-1.187093
-2.131049
0.954123
3.002899
-0.886601
-3.156638
6.084758
-2.262767
-4.659323
5.439066
2.039790
-4.701726
5.985961
3.238753
-53.847624
39.793467
207.055474
-37.595999
147.311163
-109.078705
-54.155675
72.711714
-243.598757
6.676721
3.298569
-1.158485
-2.897966
15.219187
-7.599782
-7.717816
7.604042
-0.306136
-0.738598
1.196804
-0.875327
3.130656
-0.072797
-3.095106
2.838961
1.485185
-0.287861
0.092356
0.690776
1.599485
-0.404857
1.216766
0.150094
-0.369627
1.129911
1.599943
-0.834986
-2.705429
1.769658
0.057557
-0.699641
1.967837
-1.964586
1.931335
0.528985
-1.297763
1.515180
-1.853765
2.557753
1.376247
-0.094836
-0.854623
1.053118
0.996982
-0.910172
1.771072
-1.870254
1.362626
3.157241
-5.190799
0.854879
0.592972
-1.090095
8.406434
-0.302340
-11.638722
7.140266
1.107119
-0.751620
-0.453863
1.267369
-0.521005
1.252883
0.052629
0.290450
1.837286
0.130297
0.947457
0.377338
0.000236
0.833036
-0.006851
3.463925
0.175899
-7.433046
1.416460
0.710877
-3.855522
3.823741
0.061080
0.469475
0.797998
-0.219177
0.400059
0.714640
-0.914660
0.412431
0.452766
0.549189
-0.443704
4.801349
-0.357250
-3.900618
3.289113
-0.648926
0.318899
0.995583
2.398596
-2.277974
1.310106
4.493709
-1.644259
2.891313
-2.890086
1.941607
0.561837
-8.179382
4.530422
0.214380
-0.262678
1.997004
0.393741
-1.384117
6.875293
-5.500501
0.412005
1.264554
-0.617524
0.765432
0.513087
0.433465
0.996355
-1.228807
3.137778
-2.865074
-4.205429
3.990881
1.593112
-33.820241
16.842099
0.410662
-1.900157
0.550093
1.850086
-1.762659
-0.069132
2.041074
0.015950
-0.738072
3.228436
-0.399917
-3.873254
2.370016
5.554225
-4.073658
-1.306848
0.791595
1.724572
-0.357486
0.571186
1.869792
-1.730508
1.362309
-0.526091
-0.668931
3.241934
-1.647642
-0.104292
1.856829
-0.976030
-0.276945
2.193750
-4.777667
2.047953
4.738279
-5.423752
-0.067130
5.334477
-5.368522
-3.328384
11.622047
-1.998058
-1.099894
3.932263
-2.335373
-0.028126
0.800367
0.436362
0.325178
1.470091
-1.155082
0.155241
2.324978
-1.249786
-1.497702
2.475354
-0.594454
-0.356582
1.874862
-0.283551
0.981910
0.169159
0.587089
2.907515
-3.538439
0.522187
1.271321
-1.159039
1.432270
-1.234895
1.912890
0.366994
0.600119
-0.431153
0.707633
0.389775
0.265956
0.685694
2.488201
-0.724505
-2.093351
2.529273
1.815080
-1.917986
1.545089
2.170754
-2.824267
1.483955
1.199511
-1.239579
5.319374
2.762648
-2.503512
-1.956687
3.797020
5.077621
-2.628648
-1.056426
2.327416
-1.983278
2.651504
-2.195546
0.608609
1.496405
-0.723914
0.559920
1.081752
-0.197514
0.767281
1.420316
-1.450133
0.719914
1.752959
-4.695874
0.558519
1.790401
-2.174660
0.020687
1.969241
-0.362179
3.284596
-0.486020
0.966414
0.760616
0.069402
-0.457686
0.272855
1.267855
-0.041561
-0.355463
1.509059
-29.409077
50.698049
-217.987177
119.504196
7.947404
-16.708133
16.236361
2.608354
-15.640086
-6.156906
17.099976
-1.024051
-1.792977
2.783065
-4.735417
6.068572
2.590420
0.377806
-4.603102
2.593670
1.178625
-0.064493
-0.077006
0.597614
0.617348
0.274018
0.736490
2.171397
-3.427229
1.059042
2.251179
-0.857560
0.784155
-0.092528
0.085708
0.591974
1.160209
0.294160
-2.072326
3.800868
2.340285
-3.471676
13.899326
-74.234826
-8.976735
16.508715
3.852301
-12.257034
-1.968893
8.555086
-0.149135
-1.489578
1.289371
-0.732241
-0.948221
2.457348
0.505602
-2.042636
2.774266
2.632696
-0.642060
1.170899
0.363817
1.297262
-1.404548
2.207490
12.157649
-16.243031
3.284153
0.686660
-5.500492
9.061490
-11.231415
-0.421225
16.969452
1.653289
-4.799904
3.313782
2.930257
-3.907694
4.627060
2.168600
-1.741395
0.680152
0.072386
-0.066155
0.391144
0.484399
0.212737
0.320974
-0.094298
0.763437
-0.482542
1.454674
-0.537545
0.190944
3.264868
-1.178010
0.107028
2.880016
-1.517204
1.726700
-1.535634
-0.346392
2.306719
0.028702
0.205230
1.722170
-2.120385
1.522743
-0.269097
-2.390710
4.895004
-0.592886
-5.238346
10.070509
106.702085
-133.799438
-45.991764
74.126594
-57.325719
0.350982
28.774863
-11.188979
-4.624017
13.696346
-0.483285
-2.471599
18.146147
-1.417809
1.191371
-0.919728
0.646943
0.442675
0.790921
0.463990
-0.469241
1.034724
-0.275190
-1.074822
4.922182
-41.231865
35.241538
-17.412142
15.963856
8.595236
-27.020522
17.764165
18.864527
-28.763568
-44.605481
21.727228
14.534290
-21.259620
163.890607
-174.618772
16.429557
-11.263519
3.154468
0.291195
-0.986671
1.249616
1.664116
-9.094163
3.902450
12.175451
-5.075899
14.310097
-10.821874
-3.293330
3.118070
4.223143
-12.238668
17.355076
15.012007
-60.856097
67.630129
10.780918
-21.249180
-1.435811
34.781195
-18.483611
55.274583
-54.740951
-0.290834
29.108300
-6.721848
-2.218077
6.698213
-5.793040
-2.239583
1.595101
-0.878129
0.932174
-0.071415
-0.652585
6.113575
-21.987000
15.675115
-0.580735
-1.276948
1.139514
1.233336
-1.332738
-2.885889
5.507812
-4.941338
-0.885675
2.048774
1.893896
0.335488
0.214099
0.673790
-0.172287
-0.346495
2.717154
-1.990224
0.590384
0.793245
-6.632376
47.281544
-15.409877
-50.818204
34.173578
55.551935
-51.031735
-58.160308
62.304880
3.884138
-2.722180
1.514003
-1.699671
2.079122
-0.321637
1.280853
0.672812
-0.322268
-0.118768
1.637502
-2.779766
4.092405
-0.806852
-3.555852
6.852244
8.917114
-11.761428
7.518230
6.350866
-23.898043
7.249696
14.334804
-17.499459
-8.063502
12.743187
17.383955
-8.996977
-16.304698
14.194746
-9.977678
1.766128
2.275183
-1.370746
-0.658578
1.254295
-0.138075
3.451557
-3.239226
-0.918213
20.612892
-24.370200
-31.278039
12.649526
9.630276
-25.363370
7.726023
9.083309
-16.079392
8.378667
-6.138185
4.544865
2.863999
-3.436585
-0.020980
10.159656
-2.128356
-4.218087
2.396469
0.138694
-0.698704
1.133304
-0.252606
2.248452
-0.524480
-1.776512
3.408375
-0.408313
-1.581531
2.881352
0.754666
-1.505026
1.853602
-5.680538
2.692474
2.896525
-1.766952
1.763241
1.106016
-1.143586
2.134360
0.059180
-1.214460
5.083093
-0.838477
-0.975883
3.789894
-0.038882
0.318221
10.381479
-10.121623
-2.650884
34.264775
-25.581775
1.210009
247.701633
-162.565041
371.480458
-658.091138
686.673986
918.104919
-1073.016642
1718.509699
-1306.085165
-535.652751
2603.564181
-2698.383796
-129.399223
195.425263
-76.994867
-131.348949
138.950470
-40.818075
110.003053
-312.395700
102.281890
-27.217378
-21.313924
58.942988
-106.795487
40.822111
35.883377
-290.344188
118.617940
-127.230688
2.239508
0.803124
-1.717916
3.269728
3.137834
-9.656505
3.699750
9.436875
-5.269112
-3.138752
5.156675
-0.723584
-0.491235
3.902514
-0.355668
-3.221376
2.210787
0.535925
-0.099596
-0.279589
0.488830
1.324856
-1.410342
-0.702276
2.029047
-0.746578
1.285592
-0.482032
0.689255
-0.127194
1.059932
-0.007985
-1.430574
1.336120
0.958236
-1.098791
0.010953
1.456018
0.373383
0.365131
0.200993
0.475905
0.807364
-0.514683
1.290058
0.055681
0.471155
0.590794
-0.396239
2.362426
0.309490
0.550976
1.287686
0.412511
-0.662031
1.024544
-0.778179
1.968312
0.863250
-0.370906
0.877903
0.892756
-1.155845
1.118902
0.824339
-0.874952
0.291232
1.328304
0.519229
0.017413
1.943502
-1.342210
-0.679111
3.242844
-3.149351
-0.454697
3.539662
-0.157289
2.966689
-3.226506
2.750039
0.372483
-2.984835
2.225987
0.283517
-12.465790
176.951715
-89.796188
48.600725
11.887497
-9.461449
3.597934
0.239281
1.780858
2.368178
-1.811136
-0.298261
0.410259
0.373789
-0.401883
0.086388
5.883779
-2.221995
-1.342389
2.217655
0.188005
-6.970223
2.529817
3.985749
-6.551402
21.505064
-15.434506
25.448670
-71.177534
-11.565873
106.018045
-15.065602
35.502764
7.055033
-52.475339
39.085110
26.142379
-23.214513
9.353545
-5.035475
-10.878879
12.268751
-3.335280
1.488264
-0.380498
0.553246
0.168712
0.518858
1.032470
-0.430984
0.745794
0.860063
-0.267890
-0.378624
1.436601
0.322573
-0.491572
2.563232
-1.630121
-1.701737
1.675221
2.027756
-2.111968
0.370394
2.193249
-0.688439
-0.386762
1.567714
0.499777
-4.441542
1.447537
1.738270
-1.665280
-2.351360
6.910633
-4.193306
-3.810957
2.509468
3.989771
-4.332880
1.114032
2.927067
0.731800
-0.997601
1.151090
12.299220
-6.843188
-7.180671
14.500540
-2.357436
2.592863
3.204692
-0.792770
-2.786345
4.422868
2.663237
-7.415655
-0.171806
1.253395
-1.161299
0.754228
0.525084
0.951674
-0.804415
0.474890
1.907066
-0.889129
2.938329
-1.263218
-0.142485
1.287243
1.331953
-2.466014
3.522406
1.317805
-2.230719
-0.539863
2.531908
-0.362085
0.484712
0.191505
10.005811
-6.196150
0.070276
4.655890
4.417280
-0.819386
-1.739882
3.066150
2.518022
-4.717962
-1.937576
4.348945
22.571322
-9.332643
-9.135712
17.593829
-9.411572
-3.838932
11.556307
49.820437
-41.506083
8.852478
-19.702429
6.484632
6.982477
-22.554818
16.152909
15.193045
-23.385700
28.676931
-16.903513
-9.232365
12.104063
1.216400
-4.289687
0.365619
2.324328
-1.617117
2.941164
0.550580
-1.273333
0.486756
0.689385
0.258831
-0.141176
0.403313
0.140081
-0.114665
0.313921
0.363174
0.868041
-0.637445
4.624006
-1.435996
2.055687
0.168786
-0.860186
1.870562
1.126384
-2.754776
1.403516
2.407857
-1.942299
1.117041
1.757294
-1.209819
-1.950024
5.094479
0.478688
-0.120687
-0.102184
1.062668
0.695472
0.415211
0.239508
-1.524988
1.893612
0.340828
1.452988
2.515100
-11.437371
1.684881
1.035305
0.399481
-0.086647
0.773203
-0.822338
1.666295
5.081138
-3.121245
1.275512
-1.156353
0.924108
1.606397
-6.193661
7.859796
-0.221156
-0.146917
1.408221
-0.797166
0.984656
0.835168
-0.632147
0.826225
-0.091279
0.058567
1.388564
-0.482548
-0.133872
1.395627
0.215919
0.742300
-0.387090
0.520102
0.369086
-1.780693
0.429693
0.484072
-0.318139
0.332587
1.412005
-0.393517
1.325193
-0.382489
1.427324
1.697008
1.202090
0.214923
1.558797
0.254869
-1.723875
3.330795
-0.491452
-1.303083
1.163376
0.599039
-0.334804
0.179677
2.799377
-5.297423
6.908480
19.629266
-13.990028
3.514175
-0.759533
-0.492100
0.986774
-0.859833
-0.104955
1.183442
0.292282
0.932033
-0.875868
-0.447544
3.816158
-3.778860
0.732819
1.883827
-3.597149
5.092300
0.502381
-4.052630
5.377925
1.058021
0.219311
-0.118837
0.582412
0.209541
1.061774
-1.669511
1.139307
3.977965
-0.861679
0.761247
-0.151616
0.543461
-1.895794
1.124132
1.637723
-1.976413
0.161845
2.628512
-1.442115
-8.946761
7.752859
0.810440
-0.400730
7.944619
4.004684
-8.768598
-3.716390
7.559713
-3.871497
0.926030
0.881561
-0.470541
0.412539
0.016425
0.294956
0.453711
-0.184189
0.708861
0.629993
0.838352
-1.682025
-9.515806
20.787470
1.458460
-14.994979
19.559665
-2.337702
-0.696831
2.428012
-4.189410
5.946741
-4.934386
14.142290
4.832230
-0.152436
-1.772069
1.298841
0.949958
0.586737
-0.374960
0.136575
1.366001
-1.745717
2.019095
0.752738
-1.857106
1.068956
0.275650
0.114371
1.628414
-2.135113
1.195072
-0.070031
0.987043
-3.133701
1.023803
-0.568567
3.143369
-0.717655
-0.129411
3.501864
-3.695751
4.519093
4.036539
-12.544266
2.580533
15.068718
-10.787691
-0.351912
51.543357
-34.799926
22.182378
-8.262439
-0.136125
0.533333
1.796323
-1.263435
2.068528
2.311958
-3.824557
0.913939
3.831132
1.457293
-1.203749
1.112157
1.911262
-3.665070
2.624897
1.550953
-1.364485
0.474265
2.452483
0.961826
-1.661348
-0.295447
2.760260
-1.012430
-0.908529
6.106824
-0.250062
-0.603598
1.029715
0.689523
-1.443580
0.369104
4.632647
-1.411902
1.791492
1.189465
-1.347483
3.622262
1.825899
-4.299653
6.179735
-1.212130
-2.039181
11.025902
-9.023894
1.580067
10.811198
-10.248897
-1.484093
7.387529
-2.921971
3.140929
-2.997597
1.401932
1.239208
-1.071197
-0.214123
2.190829
0.185789
-0.089584
1.028540
-0.227953
-0.204899
0.926486
-0.085434
0.609046
-0.194767
0.743388
1.183760
-1.074727
0.486231
0.070945
1.013601
-0.715910
-0.331608
6.317440
1.380503
-4.617081
6.454362
-3.064523
1.026081
3.396559
0.105120
0.232568
0.329099
0.694692
0.463356
16.509289
-29.033321
8.772366
18.650018
-29.100034
113.631711
-294.495348
232.357001
-69.022271
-68.920931
45.151891
45.960653
-49.973542
-32.031791
64.455769
-31.588767
5.311491
20.345202
0.164249
-0.981888
0.292048
0.809170
0.471875
-0.135083
0.898889
0.666537
-0.355803
-0.324900
1.471660
-0.555050
1.558917
0.132399
-0.728568
0.361663
5.420228
-0.875084
-7.319809
3.216096
3.344964
-7.559651
6.614449
-2.949915
3.897354
0.797951
-2.215879
4.182536
5.618868
-4.682406
-0.873264
5.042182
-0.555689
-3.647833
2.540757
-2.361170
3.768067
-2.841623
-0.504996
3.053554
-4.308691
6.381638
40.095590
-41.425234
8456.122271
-88552.395136
72244.504790
59802.254583
-118335.620533
29510.874857
17267.195198
-33231.457616
21216.951986
-13580.810185
-15209.921176
19365.220686
-28913.191542
19313.075518
-17763.990519
12820.764916
-4877.724886
1651.442456
3810.945153
-35823.894718
-1829.131135
34763.831679
-8222.963909
7530.974647
-240.924520
49.784472
-89.668180
44.947165
-48.503356
18.374151
19.950388
-50.714141
26.885176
32.716215
-30.028616
4.028635
24.732028
-4.606788
-0.111296
2.011965
1.244867
-0.500425
-0.648477
1.409399
0.041287
0.043152
1.947198
0.959868
-0.509086
1.324365
1.698957
-1.596305
2.606007
0.775741
1.207187
0.616957
-2.122505
1.493854
0.961352
-2.001158
1.589881
-0.335592
0.457162
3.644411
-1.013046
-221.589937
43.807363
-20.684822
1.347166
4.899202
-8.425073
-5.748729
9.862526
-19.333834
23.001901
-16.911361
-8.694091
26.028921
-19.675276
-9.698914
12.871424
13.755793
-17.579120
16.090042
5.946881
-5.805123
-3.659184
7.036806
-0.677665
0.510455
-0.306373
0.002224
0.723115
0.853306
-1.575141
0.831987
3.199807
-5.451871
2.988913
2.346401
0.951620
-0.364275
1.787018
-0.700108
-1.694426
2.330397
12.254043
-12.648904
1.664051
1.248048
-1.136384
0.896671
1.142518
1.111258
-1.576438
0.819364
2.778386
-2.304777
0.346421
2.344562
-9.697964
0.264911
0.726834
0.228319
-0.164166
0.429301
1.438722
-1.358515
0.311836
5.974695
0.013644
-1.924622
3.818462
-2.484613
2.147464
1.996407
-12.831512
3.695995
12.216261
-16.904522
-9.829202
9.828297
-0.243728
-0.371279
5.621939
0.849960
-3.464665
8.510336
11.041140
-14.933862
10.255301
-0.745202
0.560251
-4.124409
0.767090
2.765073
-3.261387
-22.180567
10.193802
39.069988
-40.497892
-18.619293
44.702939
8.758465
-173.651441
-88.943971
380.332627
3.984264
-19.288421
23.612770
8.028001
-28.133340
-7.103828
35.204183
8.645126
-28.723691
-46.672595
24.524690
8.229258
-10.992593
6.623280
-1.505664
-5.906866
2.992150
-3.647639
-1.882012
1.749958
15.457712
-12.243348
-12.737573
52.844797
-15.827447
-29.571866
30.348182
-28.537939
-17.884382
12.421103
10.149540
-36.794729
24.169621
12.509419
-85.108848
58.436316
-4.401670
-5.110908
26.752769
-32.688727
-2.404216
34.278739
-8.654640
1.495738
4.334874
-2.887665
5.530620
-0.305338
0.159395
4.313346
-2.876529
4.354673
2.208414
-9.940224
8.641502
-5.167094
-5.988130
17.453782
-4.189524
-1.296974
6.350564
-3.636817
0.500901
0.821685
-1.164847
0.018449
0.975544
1.543973
0.506883
0.601894
-0.344671
0.819407
2.925873
-9.476084
7.743277
-5.943895
3.526594
0.734852
-0.511018
-0.254669
1.445287
0.289366
-3.830474
2.943456
7.691166
-14.058066
3.776783
2.256251
-2.235518
3.356805
0.527661
-2.368792
2.561323
-3.977400
0.831575
2.297795
-3.676168
0.629604
0.943730
-0.644334
1.316409
0.956328
-1.622273
2.978299
0.239776
0.175670
0.013804
0.603048
-0.359538
1.165764
0.290495
-0.504202
0.179493
0.701650
0.347407
0.763489
0.264779
-0.952148
2.211359
-0.001900
-4.834706
237.100337
-102.934827
-2.172522
52.292318
-24.099585
-26.357276
163.200997
-328.063135
273.802066
78.903105
-496.750194
107.065547
-1.731784
-75.786719
7.506380
-0.173595
-8.732152
17.350406
-3.534938
1.725013
2.728790
-3.647131
0.256604
5.207375
-6.137856
-3.571349
9.766772
-7.719048
10.002619
-3.627271
0.489250
1.087612
-0.021919
1.861613
0.821887
4.842155
-5.797674
9.260151
-3.931845
-0.446729
3.203405
-2.392737
1.514987
1.673686
-2.750231
0.264101
0.502464
3.682943
-1.231067
-0.031347
1.934931
0.438515
-0.651315
0.797932
0.709831
0.011916
0.839520
-1.011400
1.117301
-1.971035
0.662151
1.414205
-2.686987
19.285487
-33.103312
65.028514
-40.406423
1.782383
45.465435
-111.885013
78.941479
55.108489
-75.256298
176.817686
-45.172256
-98.085831
54.850945
-6.403369
-34.384407
40.954006
-4.501809
3.049464
-4.861399
3.635236
-11.596557
-65.671714
80.194951
-66.413042
32.067778
-4.699822
-11.519901
16.809461
-55.627961
58.546247
-1.489622
-111.325513
217.179253
-299.304668
361.026572
-78.680854
1.714376
0.909018
-4.443992
1.961114
3.440304
-4.636170
4.656489
-2.609161
1.540975
2.726355
-3.577895
-2.475972
6.801015
-3.100486
1.358971
20.790292
-2.692531
-7.942384
9.505583
-9.149434
-5.418476
17.741961
-25.107269
0.938855
7.628570
-24.654850
19.501612
17.402886
-19.515372
-2.333049
16.285984
-10.411892
-11.386410
15.545194
-1.831970
-8.324611
6.648688
-0.370492
-4.101430
14.922768
-20.967371
16.016853
-3.862775
-17.064522
17.484608
11.222146
-18.785505
3.495522
19.497556
-2.618622
1.726719
1.279740
-16.305603
15.034348
-3.313342
0.997865
2.013146
-0.803751
-0.066286
1.429073
-1.910626
0.446965
10.199619
-11.431472
-6.735304
14.847712
-9.032350
0.090058
9.817889
-2.701928
-14.897220
5.547550
14.115137
-6.770764
4.380910
3.217817
-4.091652
1.211010
0.004229
0.567986
1.015013
-1.300453
4.687232
6.047817
-8.349277
7.330292
-0.023807
-5.260135
3.974963
27.917967
-48.224681
269.219353
-16.004564
-82.118452
23.944819
21.455035
-41.449337
-10.935657
22.440183
-9.002088
-2.451398
5.293375
-1.314709
-1.227867
2.709993
0.693604
-2.180228
0.352989
0.300991
-0.361406
1.702146
0.240052
-2.518178
1.132377
0.498639
0.045229
0.128973
2.797845
-0.935320
-1.336218
5.472003
-7.076956
-0.297882
0.605530
0.319616
0.172071
2.325090
-2.661511
-3.287673
5.814463
1.948133
-4.683938
0.697133
18.351691
-22.034982
3.373344
22.362907
-34.362960
-3.424934
10.103254
-5.245425
1.458681
0.929815
-0.596940
0.646818
0.816021
-0.375300
-0.058127
0.761276
-0.274621
0.303227
7.665754
-7.570987
0.725044
9.983065
-4.373553
-6.868544
15.630531
1.697277
-19.015781
6.086436
10.085156
-4.136752
3.881068
-2.457323
1.037781
0.440983
-0.357898
0.525358
1.506812
0.277670
-0.155778
0.246796
4.026921
-19.383485
19.800903
4.103342
-9.748394
29.283456
-9.438487
1.582078
0.688118
-1.161630
1.489368
-0.462528
-2.997233
4.021925
11.722898
-140.004853
344.030760
-258.172415
-303.518119
299.825799
148.594711
-261.568086
133.733238
-108.992054
28.191732
1.904931
-2.678101
0.067004
0.456300
-0.270840
0.985993
-0.911771
1.036177
0.401080
0.318988
0.552126
0.281819
0.281659
-0.242908
1.404528
1.625857
-1.216230
1.038158
1.554080
-2.125119
-2.109690
3.711816
7.601473
-2.124776
-6.630831
5.581960
-5.576780
-0.758227
2.101049
-0.368554
0.856916
0.017872
-0.433906
0.958168
1.755891
-1.437227
-0.541364
0.972091
1.012880
-0.160774
0.176058
-0.010702
4.898224
-2.343699
3.332468
-3.323712
0.997288
0.241263
0.265458
0.792687
-0.040469
0.099370
0.863028
-0.330578
0.818552
0.822352
-3.733398
1.460506
0.296600
2.629556
-0.485362
0.761433
0.676878
-1.201555
-1.589879
2.038862
0.506448
-0.088440
0.779656
0.074312
0.731231
0.172742
0.997992
0.200545
1.264571
-1.820581
0.496495
1.907832
-1.561971
0.028651
2.463300
-0.383683
0.778122
0.019063
-0.001113
0.365595
1.193783
-2.075763
0.576846
1.092031
-0.174173
0.173854
0.594499
-0.099260
0.565381
0.832268
0.017201
-2.038598
3.993385
-1.772287
3.415157
0.347383
0.659174
-0.078146
0.438474
4.409363
-0.207458
0.281323
0.379380
1.079919
-0.051525
-5.035900
2.289269
4.845063
-5.775910
5.829857
4.519774
-19.306459
29.098713
-126.490972
50.445368
-3.094788
3.328383
-2.739884
-7.250333
9.447678
-1.731671
-38.227102
68.888622
-45.874690
193.790543
-272.696859
222.154370
-177.043472
-338.131468
445.923126
-181.409938
13.087196
-0.484950
-5.493240
3.475132
1.353527
-0.957622
-0.955931
1.199849
-4.067150
2.353561
3.650941
0.119535
0.113558
0.753200
-0.554780
1.112824
0.910467
-1.410754
0.617706
3.282526
-4.200256
11.976993
-3.021598
-2.645814
6.661144
-2.944720
-0.583973
3.857314
-0.577940
0.972406
-0.575933
1.401057
0.382751
-0.823974
4.745880
-5.925151
4.459851
-0.808727
0.741751
-1.958523
1.015425
-0.265412
0.455825
-0.494518
3.115023
-1.397068
-0.137614
3.828846
0.451969
-3.022705
1.758055
3.909868
-5.457134
0.552200
2.797142
-3.936998
4.941394
-0.788461
1.488023
0.579058
-2.113923
-1.216023
3.469766
7.820045
-31.284458
77.459862
-2.527289
-13.138826
15.601813
-3.454602
-1.684849
14.379756
-3.517766
-8.628314
12.193116
0.279700
-4.224888
30.250221
2.809452
-9.661193
7.015486
22.674667
-5.790501
2.570726
-0.655550
0.523530
-4.804907
1.873502
-0.881473
0.972350
0.368109
-0.438034
2.827477
0.326007
-0.363017
1.019888
1.502657
-1.146294
-0.338741
2.921316
-1.230248
0.882028
-1.281017
0.986906
-0.216608
0.906499
-7.088583
4.802087
-2.108771
1.483596
7.800980
-6.998410
4.824989
0.372250
1.258180
-3.757596
-1.050746
12.027800
-3.289706
11.537243
-6.726662
9.599187
2.487117
-34.243375
14.855576
2.635433
-15.138311
6.154842
3.170169
-7.570618
1.868980
2.367314
-4.338941
0.716479
-0.347521
-0.037764
1.567306
-7.824488
15.029446
-24.635556
60.288247
6.073956
-165.822037
100.815556
-27.898995
-24.504415
25.960899
-40.346436
-39.867885
44.147988
-33.648576
16.171562
5.259072
-7.513434
0.939310
14.859470
-0.651865
0.809753
0.261480
0.262371
0.157520
0.351084
0.434020
-0.242020
0.373179
1.082993
-0.502125
0.297821
0.233701
2.066830
-2.543659
-1.451436
3.840894
-3.418374
1.398515
0.718465
-0.025458
1.493101
0.042942
-0.685239
2.488064
-1.414776
-0.400580
2.838239
-1.509095
2.370282
-2.862501
3.187538
-7.611758
7.772185
8.765099
0.025015
-2.021432
1.833698
0.463294
-0.548749
0.570531
0.325287
0.950402
-0.587330
0.429472
0.566795
0.173198
-0.128321
0.710911
-2.511088
0.746355
0.980489
-3.758132
1.133198
1.338734
-1.043701
-0.880612
2.490243
1.431648
-1.360972
3.617576
-1.799757
-3.156597
13.058520
-19.039995
21.215322
-19.275848
-5.807468
12.334191
-5.787585
-9.211361
10.824723
-1.007191
0.568125
1.241675
-0.375304
-0.797222
0.794798
0.996689
-1.404674
1.106026
1.543740
-2.330696
1.528847
0.151239
-0.276253
1.249274
-0.606025
-0.500424
3.067253
-2.211340
1.641871
3.343995
-4.146575
-1.525516
5.092050
-3.632151
-1.771181
2.047015
-0.243029
-1.565286
2.114109
1.245780
-2.182838
1.078827
-0.013720
0.282918
-0.391464
1.753413
0.479771
-0.060522
1.294687
-1.856055
0.201936
0.748852
0.714657
-0.317830
0.962725
0.770049
-0.876835
2.356201
-1.373727
1.410315
0.557483
-0.938734
-0.440398
1.901554
0.131359
-6.755621
12.814985
-0.840730
-10.582456
10.437793
8.388087
-22.522727
21.973204
-2.905823
-5.546558
3.994490
2.744407
-10.647746
10.819840
-0.695079
-0.333578
0.967483
-3.775775
5.167025
13.359560
-18.619436
13.435166
6.847401
-15.211867
11.915198
-4.941602
-8.860597
4.373999
1.923760
-13.949971
20.638335
-0.006798
-6.208745
1.660388
0.142071
-2.780903
2.788575
-0.855782
-0.092366
1.622726
-10.071550
4.304284
2.237624
-12.691229
1.966346
9.481199
-3.058924
-0.191350
3.780802
-1.555545
0.313683
2.810448
-4.325545
3.302692
5.555313
-7.711074
-2.056802
13.516658
-4.526063
-37.001630
132.863698
-73.021646
-204.140488
70.777263
23.022951
-76.915700
74.160459
-74.265641
70.613361
-132.618474
123.966743
146.803303
-244.088687
-154.921421
222.758001
-37.462550
-6.149735
20.894741
2.095220
-21.719422
29.023874
-930.695632
1095.846050
-3460.308881
1649.191583
-199.667535
-367.916152
221.692240
44.282690
-211.233117
22.530615
14.458894
-9.877562
0.734035
11.629263
-14.356984
3.122909
-1.847296
0.835564
3.186254
-1.120682
0.609126
0.601456
0.145170
0.533764
0.196693
1.496472
-1.511707
-2.020063
3.157873
1.951723
-0.266088
3.141188
0.271885
-0.075761
0.575972
0.292902
0.882364
-0.426693
0.823176
0.889125
-0.379000
-1.253334
5.966876
0.342984
-3.011021
1.863971
0.771438
-0.664640
0.461511
0.309245
0.309582
-0.280423
4.270117
-11.324950
89.015914
-47.678954
13.965374
13.314818
-2.919858
-4.463763
7.866039
0.407131
-3.973204
4.992923
-8.442376
9.607524
-16.277284
6.925493
39.147483
-27.824466
1.573902
13.972066
-3.015141
-5.405500
6.074653
-0.738461
-1.036512
2.194615
26.789126
-15.864284
-11.642743
16.749667
0.405439
-2.549380
4.696789
-0.785025
-2.339159
3.247778
0.327892
0.465184
0.315727
0.080493
1.019443
-0.619292
7.911765
-9.067276
-7.884781
9.336786
-12.559702
0.548005
-0.027895
0.719369
-0.062680
-0.108766
1.616568
0.122405
-0.652253
2.018715
1.324302
-0.332503
-0.184985
1.768291
-0.584564
-4.409624
2.989027
2.394037
-2.965297
0.811713
1.522699
-0.909052
1.491194
2.476490
-5.864903
2.781359
-1.500225
-1.429404
2.671665
0.031944
-5.037996
21.961221
-71.059523
-4.761820
28.700237
-67.345224
28.246612
12.211118
-16.331464
6.874571
1.180902
0.019596
-0.147629
0.574084
0.850191
-1.781517
0.999692
2.358291
-1.869472
1.509639
0.045512
0.380755
0.704582
-0.183273
-0.157721
0.807528
0.075253
0.745679
0.440036
0.129774
1.105411
0.569232
-1.383895
2.433771
-0.397612
-0.578144
10.408228
0.736314
-4.526515
2.405304
0.878304
-3.842654
7.834610
2.968073
-3.446815
1.812155
0.150769
-0.485354
1.168459
0.026801
-2.079768
1.292461
0.462514
1.283492
-0.730308
0.196423
4.584410
0.033830
-8.538532
6.703304
-2.325543
-9.723658
4.876324
1.569715
-1.608590
2.958961
-3.477986
0.545558
0.048424
2.089946
-0.533113
-0.063517
1.064983
0.100460
-1.749279
0.260972
3.577138
-9.220753
25.388906
-14.970691
-16.940706
24.849246
-51.985372
9.163930
24.606351
-12.399790
-8.958522
12.197441
0.612780
-2.750459
2.949153
2.777095
-4.341955
2.588550
3.121126
-4.213692
3.597048
5.234206
-1.578910
0.762528
3.112664
-2.568088
-2.465846
8.144058
-0.387017
-0.191681
1.410886
2.192819
-1.984205
-0.415248
4.347998
-1.445924
-15.701078
13.101511
-5.045104
-66.534159
17.440445
21.198705
-44.471960
23.900145
-28.851914
6.146763
5.286232
-15.046716
-9.450177
18.944588
-18.725622
6.564162
0.026617
-0.980144
2.912307
-0.285324
-1.168691
0.564130
-0.061758
1.234992
-1.158055
0.827598
-0.364391
0.904819
0.236628
2.200452
-2.701758
-0.883015
1.228428
0.351568
-0.508930
1.165616
0.302543
-0.944213
3.852209
-2.724969
2.228753
2.106603
-3.271176
4.133683
3.009294
-1.604063
0.315970
2.046062
-2.447090
3.908298
0.969133
-1.767731
0.633826
1.829177
-1.446644
3.217321
-1.122184
1.402920
1.830182
-1.389111
4.489949
-1.226288
0.329551
0.685652
-0.246445
-1.587216
2.753464
1.198682
-6.247250
33.412153
-35.571924
-2.373664
36.240616
-58.937424
30.899822
117.412944
-290.965767
419.049753
41.088579
-168.658624
10.286296
-6.185898
-0.031243
9.991653
-9.629619
2.068536
10.223600
-10.722239
5.093907
0.109358
-3.529300
0.460314
4.959131
-5.254609
1.998199
4.410960
-3.285795
-1.294228
5.150983
-1.017583
-5.548336
5.520340
-3.490940
-0.034409
1.242783
0.520875
-0.889778
0.116860
1.860368
-0.840087
1.055600
0.414500
1.002993
-0.933273
2.278209
-0.895905
2.026315
0.086624
-1.750613
1.973161
-0.143397
-0.265242
0.927641
0.638252
0.355472
0.326024
-0.117238
0.765790
0.122567
-0.034822
-0.039572
1.004217
0.027387
0.624757
0.836465
-1.058019
1.022394
5.349809
-11.430534
10.911708
-0.391522
-1.297174
3.189588
-0.666700
-0.341648
0.482613
0.753975
0.055132
1.107627
-0.669873
1.013576
1.410379
-0.757356
0.975082
0.201845
0.205430
2.810866
-3.181947
-0.263387
1.431111
-0.779606
0.177093
0.054206
0.102879
-0.076572
1.876594
1.222531
0.149770
-0.286254
0.309879
3.595623
0.035166
-1.029621
0.707751
0.518289
0.975483
-0.264663
0.737288
-0.000243
0.385657
0.774197
-2.548746
1.486577
1.086714
-0.881306
0.288956
0.617295
2.335847
-6.412070
4.686296
-2.834951
-42.834556
4.622042
7.620859
-8.651692
-11.789200
12.267081
-13.010870
6.335416
8.023616
-8.188497
8.020612
-2.120837
2.345720
3.743396
-73.429799
47.671679
129.970459
-108.093748
106.381239
89.045889
-90.655672
9.023216
10.023781
-10.918825
8.175345
-3.020777
2.080067
2.135690
1.644340
0.434128
-0.683059
1.391957
-1.423111
-0.686108
5.773657
0.251472
-0.080533
0.458824
0.340610
7.899315
-6.359625
16.714172
-19.712656
26.626140
8.109922
-35.137936
5.302371
5.074240
-6.734409
-0.293365
38.329613
-14.027099
-272.696645
191.999834
-3.022387
-279.075786
196.908464
111.342878
-210.696522
-25.943896
43.877652
8.634514
-31.409251
67.926823
-18.303634
-31.998190
15.176609
10.716329
-21.584811
5.989700
-0.636909
-3.731672
2.964502
-0.367875
0.196347
1.899994
-0.630043
2.571816
-1.766399
0.155006
5.777723
-6.855677
1.628070
-1.255535
1.454635
0.356302
0.183859
-0.588479
0.557392
-1.667132
2.835331
0.307318
-2.110057
1.301288
0.154431
-0.277699
0.630226
-0.159673
2.334841
-0.080577
-0.980124
1.459376
0.684743
-1.266384
0.849291
0.631010
0.247553
1.247178
-1.638988
1.323962
-0.608032
-2.163016
1.738573
-0.271529
-0.157098
0.886224
0.180754
-2.937018
2.460763
1.886291
-1.283848
1.680649
-0.386349
0.800995
0.404589
-0.126430
-0.034119
1.093789
0.239084
0.419095
3.980147
-3.195957
7.314267
6.799087
-6.420477
16.172745
-10.894355
3.573539
-0.187147
0.470486
0.561179
-1.341233
3.866271
-1.277549
-0.824182
2.002435
-1.191962
-0.809740
1.131777
0.341150
0.469712
3.204520
-4.321045
8.973021
-3.662372
1.488777
1.163965
-0.351021
0.388394
0.680394
-0.005490
0.483934
0.165346
-0.608287
1.422515
-1.632073
-0.179880
1.463583
0.932297
0.139284
0.622047
0.545653
-0.552849
1.040303
0.883658
0.475422
-1.912365
2.018012
0.767245
-2.104639
1.805567
0.969230
-0.872977
3.443305
2.980402
-3.713386
0.382498
0.191995
0.079662
0.747001
0.416607
-1.448586
1.324433
2.372973
-2.024754
-2.881419
1.540479
1.770694
-0.528482
0.892615
0.603041
-0.256810
1.134560
0.235276
-0.056782
1.520184
-0.582068
-4.191261
5.744748
-4.063288
-2.188747
3.998852
0.335839
-3.173531
4.961491
-1.772515
0.392328
1.146983
0.678902
0.331857
-0.144710
1.032538
2.008279
0.096189
0.415016
1.391712
-0.476882
0.751082
0.763282
0.291578
0.332583
-0.891296
0.908001
36.835965
-102.779975
88.472943
8.339729
-35.993715
13.493543
15.223184
-50.826653
-24.502537
41.584387
-7.099012
3.387502
3.626197
-4.547832
-0.718838
2.985308
0.264834
-0.207142
0.076490
0.935531
-0.380107
0.187954
0.382927
0.476986
-0.179386
0.344624
1.276996
-0.506903
-5.942211
5.640484
-3.324018
-7.045281
6.179126
-5.271123
3.084481
0.903132
-1.484516
-0.658212
3.273074
1.079213
-1.984990
0.640732
1.158625
-1.039965
-0.085177
6.482169
-2.960737
-1.992668
6.105471
-6.158348
0.988056
1.133977
-0.727606
0.018732
3.058922
-0.002498
-1.136844
1.228923
1.805149
1.306924
-1.174710
1.434101
-2.292182
4.833874
-0.571871
-3.460632
4.038318
-0.928656
-4.936054
4.055929
-2.558827
2.286025
0.543126
-0.304417
1.460778
-0.475783
0.383350
0.581024
0.443914
0.671212
0.367937
0.133470
-2.969064
7.770493
0.062303
-125.093046
8.041705
395.062064
-751.149272
618.304145
-44.586466
-193.077533
330.361549
-772.318275
900.695892
-163.239105
-267.600183
504.191937
-330.684194
1.822977
-0.031934
-0.254513
0.335040
-0.137731
0.124075
0.682001
-0.422033
0.464896
1.003895
-0.174278
1.845523
0.811492
-0.657384
-20.723658
8.090244
2.500390
-2.485755
-1.299176
1.541663
-3.379085
1.347280
-1.135092
0.949704
-0.026776
0.528987
-1.772033
2.043144
7.169107
-16.200334
-6.167011
15.362635
-2.247488
1.598633
2.611951
-5.492691
4.358616
-1.660292
1.305801
0.468997
-2.324593
4.759645
-8.351734
0.179050
2.452963
-6.422839
1.062645
0.668936
0.108515
0.395045
1.635187
-0.189958
-1.085964
2.406153
2.625609
-8.327896
11.812102
-3.479546
0.991057
0.730704
-0.379978
-0.013382
2.122064
-1.553948
2.183443
1.265424
-1.416693
6.562167
-18.836205
-16.998689
17.897222
-1.176215
-26.744828
7.147990
-1.457456
0.991054
1.242564
-0.008227
-0.762116
3.863588
1.032557
-4.353456
1.461481
2.670855
-8.913286
-7.335710
13.261356
-1.744816
0.362638
1.616553
-0.512554
-0.091060
3.412855
-3.550418
0.489766
2.785406
-0.384329
-2.248562
28.608789
2.826632
-5.503615
4.455326
0.385544
-0.887669
9.463863
-2.935710
0.912904
2.714722
-1.860302
-1.383238
4.659131
-3.179155
1.934158
4.268083
-2.767258
0.643450
2.231926
0.167255
0.578973
0.600941
-2.408112
1.697605
1.139207
-0.065507
0.387335
-0.350633
1.214759
0.304063
-1.560785
3.121118
3.483490
-1.453201
-2.927281
1.395543
0.322795
0.703655
0.076987
-0.394211
0.953298
-0.486832
-0.390463
1.262058
-0.334874
-1.352873
2.089757
-0.494485
-0.650159
1.419868
-0.085017
-1.117801
2.422700
-0.801470
3.446760
-11.276535
0.978077
2.258921
-1.850606
0.061909
7.482815
-1.125484
-2.563887
11.339647
-12.965356
-8.318695
9.606680
-17.189250
22.251421
-15.026459
-8.127741
118.381467
-49.148290
-91.699005
39.649162
22.411085
-45.554518
-106.883639
272.815400
50.083941
-232.492296
-2.796212
211.814969
-44.021692
-22.109454
404.251890
-98.081542
-1107.998597
482.759417
373.657341
-370.746572
95.573581
148.315957
-252.249607
191.498794
112.106065
-141.723225
7.030201
0.352138
-4.498302
2.902149
4.304250
-9.590366
6.748712
23.689887
-16.302516
2.966043
21.527594
-8.044605
4.618361
9.426530
-9.743912
-11.266282
10.216935
-0.155294
-5.868996
4.302968
0.510606
-0.242861
0.704312
0.091251
0.324196
1.208739
-0.571147
13.009917
-4.035471
-3.655256
11.759428
-2.542209
34.888358
-14.017658
-25.366391
34.845679
-129.018819
141.041718
-67.090383
-149.753633
195.012100
-27.010144
-2.996077
10.914340
-1.612679
-8.163285
5.670416
2.911541
-4.050865
5.842284
2.459621
-2.264946
2.198988
-0.023675
1.091935
-0.119607
0.803310
0.353141
-0.544587
0.355666
0.346906
1.103362
-0.829204
1.400458
0.771220
-1.979634
2.299750
5.126086
-3.195625
-3.766515
2.845869
5.307024
-2.784183
-2.131751
3.860743
7.988204
-47.480838
36.121542
39.675923
-53.578406
17.707055
101.208621
-40.189406
6.969968
28.684993
-18.944143
-18.942385
20.385129
-3.541651
-62.119993
132.279514
-87.867775
-47.536906
73.785583
36.513975
-89.910556
1.422686
3.259264
-2.750909
1.832269
3.220735
-1.466253
-0.666439
4.491416
-4.931392
-3.597754
10.772445
-6.462349
3.057005
7.632004
-24.186927
9.989744
8.527812
-8.480692
-27.409534
20.239823
6.110674
-44.727277
-42.705522
104.933472
-4.614288
-0.091207
2.535078
-1.158163
-1.675044
3.331578
1.898570
-4.332247
2.644355
0.656214
0.880796
-1.069848
-0.162974
1.639815
-0.459704
-0.916494
2.136406
-0.659741
0.294831
0.470302
0.018410
-0.561449
0.404856
1.377507
-0.264761
4.789565
-10.167140
9.770720
1.015563
-3.398460
1.040652
4.744935
-5.114227
4.340190
-0.102698
-1.019417
1.473351
1.995584
-1.237070
-0.798494
2.565864
1.074771
-0.348626
-2.774887
3.175546
-2.024975
0.216435
1.355389
-0.236499
-0.164227
2.562451
-1.889213
-0.005070
2.767328
-1.922069
3.620218
0.723177
-1.992613
4.167270
-0.315142
-8.118261
6.853649
6.189135
-8.181536
-3.136965
5.735690
-2.410773
-0.334525
3.137796
8.957398
-5.206631
8.743387
0.429856
0.428085
0.019297
1.811378
-1.954860
2.107023
-2.018985
2.123854
3.000108
-27.479588
3.512831
41.422175
-64.886827
66.122652
-26.040143
-32.956234
40.958601
18.029502
-23.326047
9.120870
-3.168002
-3.725613
12.808571
-14.106663
-3.428136
3.404129
2.760528
-1.957695
-1.858685
1.738466
10.218672
-10.529815
-10.670888
21.818954
-4.658516
8.968953
8.502262
-46.975397
23.179364
24.496832
-30.522214
-2.560142
10.123278
-0.769498
1.619168
2.949426
-0.196449
-3.323746
3.302517
15.354492
-16.953778
7.804529
10.347741
-6.302639
2.611477
4.287414
-5.275641
4.604207
-3.783429
2.430796
0.944739
-3.544155
0.349176
0.651495
0.990949
-1.081108
6.096763
0.252605
-4.245288
3.521522
-0.903540
-0.255314
0.888002
0.201266
0.131054
-0.060470
2.650122
-2.516122
1.281572
-0.636283
0.241212
0.577917
0.184045
0.186953
2.866688
-1.201998
0.513979
1.094643
0.671672
-2.929840
1.890105
4.773270
-10.488441
5.449516
11.834428
-9.081667
-1.123866
37.513181
-5.966766
-3.965007
8.928248
3.637350
-6.585767
2.091013
0.584770
-1.250811
2.092827
0.057914
-2.974953
2.083967
-0.192010
-0.251831
1.460554
-0.548021
1.047673
0.572718
-0.105456
1.452901
0.058697
0.311389
-0.075343
-0.318372
1.365797
3.209044
-6.122871
3.366314
2.200837
-0.409797
0.487378
-0.068877
4.960611
0.186077
1.015285
-0.644985
1.780190
-3.588981
1.595211
0.232923
-7.514231
0.876954
7.948258
-1.253168
-8.289726
12.676283
-10.419529
0.045187
18.471648
-18.212718
4.834621
0.639536
-9.963538
10.642364
7.114386
-0.716882
-2.476372
5.441758
-6.214355
-6.144687
4.130665
0.357798
-0.020395
0.749373
0.368324
0.464431
0.931558
-1.007168
0.909745
1.026434
-1.132201
1.358751
0.822503
-0.801235
0.901753
-0.163198
0.487882
0.442674
0.108651
0.199167
0.074811
-0.732245
1.564156
1.108715
-3.551036
1.005893
4.844261
-6.163742
-3.768388
4.817173
3.941750
-4.648878
6.504585
-10.975910
3.818095
-2.358285
-0.301861
3.443427
-2.800926
7.599180
-1.703620
-24.214443
8.361212
10.853400
-37.833596
30.116177
-7.758469
9.020188
-2.629892
-0.848282
2.929647
-0.200310
-2.237119
14.344226
-39.772577
57.031130
17.841567
-212.494033
58.140597
-2.087387
-3.248251
9.588900
0.404747
-1.252081
2.391224
-1.156759
1.931909
-1.490143
0.590267
5.453516
-9.902279
-1.536685
12.683879
1.355373
-3.107085
-5.330892
4.162203
-1.083856
-2.834997
4.404470
-2.352284
-2.407040
11.934563
1.217007
-54.241557
37.376770
41.154711
-39.946267
-17.851274
23.089924
38.005766
-36.435551
4.235686
38.736081
-74.916815
59.223434
62.445849
-77.126302
-68.718068
77.568981
-37.091578
-109.735360
126.726749
-54.090555
36.830380
-66.865394
7.115114
1.891221
-0.344913
-3.367233
1.997025
5.239933
-1.830116
-0.216474
5.606008
-0.122564
-1.938864
2.605021
1.577675
-6.297114
2.485358
6.167560
-3.309095
-7.499006
8.672673
6.115752
-22.861122
17.545991
81.293237
-25.873361
2.525477
-1.181727
-2.501054
1.852986
-3.997281
4.748763
0.582008
3.432644
-1.487688
1.947065
0.454282
0.202644
1.369677
-0.166790
1.994733
-11.886455
10.137063
2.530993
-19.906790
13.827478
-6.204615
-14.126039
37.890057
-4.039896
3.428492
2.074500
-0.590725
-0.814136
5.602899
-13.756456
22.237303
-26.471294
28.636733
31.700670
-25.807364
95.522128
-171.186942
-23.595526
301.234715
-291.119672
62.471705
57.466872
-76.593184
-19.990684
29.993228
0.120492
0.435750
0.663043
17.278694
-12.902576
10.095956
1.419202
-0.803461
1.352284
2.020346
-11.362392
6.077927
9.257451
-4.356696
2.645575
13.585434
-29.178115
9.139139
125.470615
-180.763305
141.393376
-70.792836
-99.422853
223.018754
-400.965639
153.149114
8.098040
-164.536110
8.473504
253.110393
-360.360076
349.642950
-184.601111
16.716987
223.187340
-71.158045
-142.313615
193.888394
-41.222237
-0.441555
10.299702
-11.165958
-0.670625
4.272724
-16.511906
9.968177
6.410953
0.117968
-12.264993
5.545800
5.510150
-8.341320
1.875816
0.410454
-1.767287
2.263879
-1.482702
-0.150585
2.328018
-1.691192
-0.220509
4.241977
-12.287315
0.688025
2.010923
0.530943
-1.335312
2.179387
-1.392473
1.285703
0.571934
-0.384283
0.469008
-0.074162
0.482506
0.363799
-0.062049
0.395031
-0.258091
0.745661
0.138570
0.603009
0.247397
0.578081
0.456143
-1.465967
0.101003
2.205841
0.984490
-0.367594
-0.248222
1.656675
-16.837888
12.003172
0.125709
-1.515608
3.503204
-2.610062
0.838173
0.687513
-0.506229
0.374990
-0.298342
6.161263
-1.413013
-3.133233
6.595345
1.693990
-15.579125
11.721406
1.841753
-12.679329
-6.764167
26.119932
-7.241585
4.738812
1.133457
-0.945433
0.441322
1.397301
-0.677766
0.503652
1.641821
-2.728484
-0.607324
1.970920
0.513657
-0.303573
0.582929
1.110561
-0.568035
0.581677
0.141671
-0.023620
0.555008
1.340574
0.360824
-0.197708
2.951961
-2.919927
-1.436687
1.416362
0.825827
-0.969257
0.766765
0.844007
-0.767964
-1.020516
1.076995
1.806244
-1.444693
-0.261894
0.911821
-0.771814
1.084245
0.894390
-0.230842
0.260592
0.777929
1.029967
-0.669034
1.843734
-40.087054
14.767036
39.875280
-58.394067
-42.687483
38.920709
3.028269
-44.522005
4.322636
11.117872
-6.342941
-10.235092
13.710032
4.584024
-18.035518
4.389789
4.526210
-3.517157
-1.471773
5.562967
-5.772905
6.270552
-5.294282
1.887487
2.558270
-3.224742
2.013051
1.499359
-3.347833
3.802733
1.715144
-3.456863
5.406698
-2.367791
-1.432211
16.965552
-9.372773
2.679425
-2.458434
-9.727100
15.731231
20.589967
-55.770652
29.351585
-8.597199
-24.189240
39.832732
19.358165
-17.146892
16.753942
-0.222405
-2.280004
2.610129
-1.380166
-4.398340
2.846263
6.621633
-13.478661
2.715868
-2.836515
0.602755
1.174461
-5.651107
7.106735
6.195888
-10.136242
8.103484
3.281665
-40.184817
14.244174
-4.645236
1.512763
1.785694
-20.559434
9.182086
-10.737059
4.024495
18.341410
-28.505278
-2.050074
56.716940
-192.291097
314.102940
0.072964
-3.879416
1.826438
2.001435
-1.827647
0.809640
-0.324605
0.677560
-0.190458
0.222181
0.546406
0.482837
2.516437
0.555483
-0.698308
4.334795
0.049726
0.058254
1.594067
-0.812773
-0.810321
2.096042
-0.062876
-0.720947
0.277999
0.825694
-0.097875
0.118062
2.413029
-2.700303
2.717838
-0.384882
-0.771161
0.862162
0.482443
-0.326007
0.716695
-0.742257
0.790021
-0.133836
-0.952101
1.176338
0.642302
-0.175207
0.845960
-0.440436
-4.387904
19.809247
-1.462510
-2.827147
8.333116
-3.137925
-6.492682
9.896439
-0.794797
-0.872680
1.028848
-0.066163
-0.894124
0.435256
0.570773
-2.433128
2.250734
0.689955
-0.215224
-0.291988
0.523940
3.179875
2.308596
-2.756764
-0.807709
2.814443
-1.319125
-0.166516
2.635001
0.320588
-0.685624
0.370379
0.677926
0.292542
0.723301
-0.126772
0.729866
0.417062
0.064443
6.160866
-1.872940
1.048332
1.205477
-0.488951
0.231522
0.338884
0.356848
-0.577511
0.581214
2.154544
0.359046
-1.371606
1.790119
-2.381550
1.237956
0.784481
-2.215112
0.742347
1.055652
-0.736373
0.352806
0.719436
-0.467946
0.177949
1.413679
-0.688576
1.418496
1.515059
-0.674984
-1.096238
2.924732
-1.421253
1.225736
1.141423
-0.745071
0.815358
1.281340
-0.676713
-1.146113
1.935737
1.191984
-2.100005
1.750056
1.363896
-1.889087
0.221854
1.799752
-2.801717
1.004941
1.211954
-0.431337
-0.408598
1.496243
-0.400728
4.772052
-0.740529
-3.157910
2.661533
3.648915
-12.644999
-2.830575
11.073486
-1.761394
2.768865
-2.156792
-0.240314
2.840345
-3.675796
-2.155529
3.555199
0.091583
1.037409
0.306413
-0.438491
0.670170
1.090005
-0.946814
-0.001814
0.783834
0.244901
0.495797
1.340294
-1.162045
1.462667
-1.147132
1.393149
-0.919019
2.086193
-0.127026
0.085919
0.315061
0.499212
-0.173667
1.512663
-0.957117
3.467702
-2.438256
-2.875284
9.456182
-0.186686
-2.252384
2.799550
1.203371
-1.558562
0.432985
1.512151
-2.906557
1.211027
1.960394
-1.628479
-1.196405
1.596055
-0.116317
0.361387
0.142674
0.592107
-0.405613
2.609957
-2.529011
-6.459276
8.835237
-31.697559
35.330316
-6.391372
-12.568188
12.337912
-3.253829
-5.457652
4.428924
1.578736
-1.749006
0.400021
2.207590
-0.443746
0.841515
0.608714
-0.700424
0.837473
0.329044
-1.647648
0.539046
1.889501
-17.848041
8.893916
7.843491
-13.204089
6.901278
-1.863694
-0.299953
2.526096
-7.084475
5.703153
-9.386669
2.292479
3.418690
-10.463527
5.075780
7.507634
-6.555500
6.130472
4.287805
-11.286377
3.510308
6.830681
-6.397583
4.292656
0.695138
-3.735216
5.858670
-2.687335
-2.577180
11.706616
-21.545218
-1.671966
28.000654
-2.107517
0.688834
0.332688
-1.306888
1.200346
0.677266
-1.685634
1.782992
-0.980833
0.682942
1.386284
0.128375
0.144000
0.828222
-0.859950
0.308878
1.490117
0.131031
0.685517
-0.355905
1.297942
0.653214
-0.879557
0.550391
2.623245
-1.298781
1.368337
0.572068
0.367944
2.275734
-5.954821
-0.781950
9.673131
-9.093957
4.715259
8.072072
-16.498373
5.242053
11.333619
-18.063262
7.996536
-1.544764
1.310239
0.844534
-0.335167
3.300046
-0.699383
0.823740
1.176658
-0.187785
-0.496910
1.582587
-0.682156
1.480639
-0.102900
0.530410
1.283576
3.709663
-2.359806
0.781462
0.594901
-1.051163
-0.737924
1.571360
0.645718
-1.017826
1.720282
-0.161462
-1.892047
3.408283
0.010851
1.252649
-2.307424
3.686087
0.084204
-3.768543
3.579590
-2.921334
-9.176922
8.284371
0.121393
0.620295
-0.726968
3.235520
-7.154406
0.154562
4.590569
-19.981494
6.212901
-8.989090
3.837912
-0.399124
-1.462151
1.877094
0.612079
-0.442638
2.093524
-1.323666
0.678829
1.380454
-3.762813
3.896247
0.107343
-2.362514
2.637734
0.067910
-1.016823
0.841294
0.025815
0.567064
1.178119
0.315593
3.185261
0.015780
-3.307376
1.911657
0.216905
0.681450
-1.765335
2.175040
1.676610
0.272480
-2.434246
2.259531
-3.039981
2.657041
-0.048784
0.585812
-0.185707
0.046097
4.960754
-3.019814
-1.910619
19.225175
-2.052385
-11.226916
15.701938
-3.563164
-11.251788
19.005652
-6.647176
-26.990329
7.397118
43.645625
-44.468635
21.500867
13.414722
-19.485707
16.896215
5.626269
-10.626231
7.471825
5.665633
-9.383235
10.736990
6.796768
-9.919897
-0.210269
6.162856
-5.464563
28.671720
-7.189347
-15.641493
5.356358
23.661756
-5.235698
4.959054
5.318382
-27.183767
1.265789
0.707857
0.157284
-0.338245
0.997158
-0.275807
1.331428
1.319457
-0.633982
-0.941947
1.755673
-0.778118
1.212159
4.533101
-5.800268
-2.860851
11.959686
8.228894
-8.102773
-1.549399
21.738061
-72.024130
3.872246
36.897830
-25.950705
-18.678562
43.442017
-2.359657
-3.432570
3.381263
-6.733676
2.627249
-2.707472
4.172217
-3.823146
-0.442663
6.755097
-1.355230
-4.073091
18.843344
0.022033
-11.230314
14.929850
-0.075184
-13.006307
6.716911
6.025153
-7.668609
6.559774
7.985439
-9.150492
3.325863
1.085002
-10.296769
19.569521
-28.200521
-6.784844
24.644848
-15.370530
-54.836559
73.121786
-32.347088
-123.354168
9.667671
-2.425783
0.592990
-0.235015
-0.039691
0.481608
-0.816811
0.316408
1.588899
0.349664
-1.299755
0.471053
0.301040
0.050472
-0.057184
1.311820
1.504091
-1.157897
-0.801966
2.252677
0.549864
-2.093182
2.883384
-1.407046
1.632626
0.747426
-1.214670
1.084971
0.904689
-2.446080
4.892991
-0.092618
0.554391
-2.652165
5.103080
-2.364281
0.789500
3.406181
0.886993
0.572023
-0.335270
0.828700
0.229897
-0.681862
0.524548
1.053175
1.261334
1.032514
-2.493785
1.147177
-1.044174
1.872662
0.249805
-1.219472
2.524451
-0.636508
-1.123534
1.841302
-2.342350
1.012378
0.107168
0.518862
-0.104758
2.130369
-1.226267
1.272841
-1.524824
0.975502
3.008974
2.549127
-1.923213
2.208310
1.584305
-3.166424
5.664793
-2.439742
-1.936559
3.683411
1.917879
-0.196531
0.109092
1.438598
0.774533
0.026838
-0.480108
0.488909
-0.415905
-0.954859
1.259503
0.948506
-3.019122
2.213050
2.010194
-1.891194
2.149244
1.924274
-2.352214
2.870351
2.476565
-3.384096
2.941082
-2.466373
-0.413442
0.891458
-6.470973
4.050238
0.887614
-0.223067
1.031077
0.068589
-0.003021
0.622270
1.091594
0.720281
-1.138949
0.201892
4.183778
-2.058236
4.359245
0.939406
-0.859591
1.130774
1.517827
-0.739365
-1.149393
2.454325
-0.800506
-0.365988
3.087959
-0.843305
-0.507821
1.336534
-0.791015
2.284495
-3.101688
1.907440
0.164999
-5.492544
2.033296
3.554288
-3.870287
-0.076365
4.041646
-0.990127
0.547675
1.484975
0.701880
-0.074565
0.072429
1.260306
-0.210994
8.570374
-0.659277
0.607444
1.682206
1.366289
-1.961378
0.464626
2.572311
-1.093644
-0.020707
1.929253
-1.208351
-0.167098
0.615975
0.779521
0.002659
-0.117901
1.111817
-0.299997
0.528984
0.269717
0.606306
-0.993291
2.025864
0.393431
0.014681
0.372352
-0.137007
0.586978
0.610837
-1.609013
1.977649
0.501699
-0.771057
0.978267
0.849931
-0.969580
0.325029
2.390289
-2.527473
-0.083803
3.117985
-3.077870
3.016559
1.750615
-3.148736
0.398979
3.404704
-4.586197
-0.399230
1.410746
-3.961014
5.482087
1.793679
-7.417582
-1.310028
9.765189
2.664249
-6.354741
12.099149
10.659881
-17.343701
-7.695885
23.365412
7.036100
-23.352522
30.464521
-4.350655
-29.317056
19.000778
14.540290
-1811.766397
56.083783
31.885060
-70.546741
12.300737
87.044622
-157.064338
18.908941
0.658095
-19.724645
21.405861
1.296104
-3.305487
1.292169
0.128067
0.633743
0.388727
-0.487520
1.982472
0.389423
-1.117016
0.332627
1.374944
-0.060309
-0.850604
0.915284
-0.365039
0.437021
-1.110255
1.657863
0.403640
0.010799
7.840295
-5.296375
-21.738991
9.452222
-6.171777
0.322837
6.761671
-4.696162
-5.647855
8.360357
2.533826
-3.486725
7.349661
-3.233593
-0.120418
9.555000
-10.213875
0.284254
2.447312
-1.452343
-0.990746
36.661733
-26.085378
2.967765
0.941366
-1.996876
2.191238
-0.469269
-0.636942
0.944199
0.649268
0.166445
-0.123017
2.002174
0.342647
-1.483923
1.755763
-0.017726
0.465871
0.288147
0.156451
0.071043
1.271470
-0.326852
0.122124
0.990791
1.177612
0.022169
-0.384094
0.436408
0.812726
1.051687
-8.803232
5.569638
2.546507
-2.668869
-6.294626
3.684557
-7.445576
3.160683
2.895468
-2.341960
-1.235769
2.141910
0.013119
0.656387
-0.089287
0.649736
0.463769
0.732323
-0.173378
2.462203
-1.581607
-0.079631
1.176226
0.627831
0.440607
0.105614
2.115363
-2.648255
3.045172
-0.851774
0.761749
1.435787
-0.769621
-0.231648
2.471141
1.219623
-1.713133
-0.042894
5.081402
-12.293756
4.487448
12.657995
-16.522996
-5.878093
4.901605
6.288282
-13.583137
6.748725
3.190866
-9.997207
4.168133
4.621544
-10.474274
20.231085
-25.987510
-4.209570
5.277420
0.446266
-1.414106
1.221919
0.079013
0.340721
0.535591
-0.192708
0.798328
0.050912
-0.596686
3.493570
4.647692
-12.123534
-1.877753
4.898233
-2.325988
1.740540
1.259495
-0.638966
-1.912669
1.305824
0.176833
-0.531825
1.802280
-3.032306
3.309263
-2.297933
-1.343183
1.037132
1.392279
-29.491471
17.726109
1.023756
-0.977931
0.826327
0.463793
-2.612182
4.627178
-4.110592
5.883684
3.931312
-6.098495
1.924552
-0.704784
2.251047
1.355060
-1.664512
2.457899
-0.680765
-1.848297
3.376170
1.736663
-3.674943
1.991430
-0.494837
-5.526072
4.123161
3.441984
-0.288659
0.698373
0.696360
-3.116292
5.768783
-6.525632
-1.416991
10.709305
-16.373632
16.492396
-0.632718
0.708219
1.939397
-2.232694
0.697794
2.616410
0.305512
-0.777245
0.208029
1.598327
-1.520415
1.150404
0.306828
1.153127
-0.634672
-1.126724
8.039475
-5.045530
-3.779731
16.233722
-11.495800
-0.849579
1.229624
0.216642
1.284951
-0.484732
-0.052473
0.828579
-0.394605
1.538867
1.196617
-24.868237
32.007824
-5.982372
1.706937
-0.063164
0.767701
0.510652
0.024789
-0.131098
0.419662
0.768481
-0.251143
0.734699
1.790081
-2.570750
9.086300
-1.111672
-2.280768
2.485584
-0.287887
0.151622
1.273972
0.364622
0.059233
-0.272696
1.630411
-0.803402
-0.215915
1.663536
4.245851
-1.200638
-1.257922
2.563233
3.315406
-3.852188
1.358739
2.354258
-2.229137
0.677641
2.357400
0.930177
1.573920
-0.540165
1.772830
3.930280
-3.932491
0.973855
-0.912628
2.510473
0.764547
-2.019622
6.184693
-3.991890
3.751291
6.727766
-12.914771
2.776221
10.790787
-14.031135
13.657254
-13.464601
5.210771
-6.708799
6.518166
-3.483405
1.745579
1.465493
-0.638450
0.028332
8.685967
10.450017
-14.913863
11.556401
-1.582900
-16.642013
16.026625
0.642824
-4.599562
5.152828
7.574306
-15.177986
7.307762
9.760739
-7.611622
3.309063
17.145551
-7.195257
3.394859
-0.358747
0.424314
2.247640
-2.056406
0.991368
2.142815
-7.916693
20.468411
-66.539980
66.354032
-11.797823
-20.547682
87.918380
-27.891422
-77.530030
53.335220
12.486203
-29.006251
11.761549
20.817559
-9.185458
4.091758
3.812988
-8.954022
7.399112
3.240451
-9.777528
0.534737
0.411856
0.557606
5.342251
-3.891359
1.235511
1.636505
-1.610630
1.180973
1.172696
-1.673763
2.225576
3.347039
-3.532260
3.573704
7.477881
-0.631087
-4.265868
25.161547
-1.917841
-39.443103
16.710672
3.894858
-17.767138
12.069992
15.722436
-44.762572
10.681845
6.035120
-11.643528
6.371823
-3.877732
-23.318869
9.470851
22.761540
-15.601124
-1.806652
21.793476
0.284235
-17.448144
22.066472
-8.682116
0.418464
2.561202
-1.171180
11.160891
-4.926278
4.261508
0.592534
0.594008
-0.061782
0.069612
0.179383
2.232455
-0.482085
-0.711569
1.795336
-3.380832
0.656469
8.000951
-14.971458
63.794713
-190.241655
-48.026159
1044.024640
-433.189153
0.985734
169.616984
-1121.871419
300.589246
1024.557988
-823.177358
24.885856
96.205538
-428.593885
75.393412
65.720427
-57.817653
20.164025
0.936151
1.878253
-1.812920
1.108901
1.116652
-1.162677
-0.113118
2.694045
-5.382386
2.559097
2.912417
-1.197012
-1.098330
1.419145
0.572547
-0.534900
0.989644
0.688993
-4.036063
3.616655
0.820030
-2.289835
0.984824
2.892780
-1.476447
0.895667
1.178040
0.482016
0.598448
-0.003940
-0.413021
0.799247
0.345571
0.571159
-0.110306
0.450381
-1.142730
0.823733
2.598446
-1.131520
-0.232625
1.267609
0.665145
-0.539136
1.773926
2.216865
-3.375508
0.728925
9.092555
-1.745463
-25.991838
45.058407
30.977327
-58.759498
6.101633
9.132553
-7.762592
4.765598
-4.584766
2.992902
7.925870
-3.824978
-1.012290
1.711099
0.344966
0.595611
-0.326945
1.069925
0.529342
0.275132
0.036572
0.542934
-0.436787
0.757394
0.675135
1.467090
-1.044566
2.655202
-0.211208
-1.157482
1.249343
-0.567473
0.357029
-0.027892
1.106650
0.172257
0.273874
0.357295
1.933498
-1.476292
1.107533
2.697938
-2.693134
2.002886
1.013091
0.608271
0.659760
0.337549
0.533892
1.207494
-1.845699
-0.880974
7.532752
8.195171
-7.968222
4.181825
5.059986
-5.254963
-0.204617
5.175922
-8.105737
5.611421
2.709001
-2.472886
-0.130147
0.466878
0.565623
-0.069048
0.974826
0.356847
-0.445638
0.062920
0.607933
0.530560
2.557976
-4.583399
0.746461
0.423090
-0.583108
2.361190
-7.923557
3.373333
12.758397
-18.086254
-0.277043
22.449087
-2.509098
-137.340937
30.227934
64.345087
-51.266090
15.476469
12.192062
-23.429123
4.944481
12.821203
-3.476880
-0.785239
4.439568
-3.425322
-2.034956
4.222892
-1.563168
1.596891
1.592293
-3.419780
3.502420
-6.099123
0.959117
6.690242
-2.680852
-0.390427
3.429067
-1.815353
3.816344
4.895028
-5.178357
2.334273
0.027716
-0.585542
0.847362
1.854982
-3.543299
2.500217
0.451358
-2.887586
2.475468
-0.867812
0.688440
0.822843
-0.021916
-43.053771
63.395975
-56.184001
66.110862
-55.362305
-25.092841
25.133698
0.944118
-10.913105
19.079800
22.241137
-39.887427
0.237607
2.441727
-4.387429
2.355629
2.064632
-1.479111
1.297451
0.202177
0.347998
-0.039273
-0.860624
2.547251
0.678362
-3.411603
1.517038
0.337266
-0.281382
1.088322
0.256334
-1.672712
2.032677
-0.538756
1.709868
0.494167
-0.544364
2.762516
-0.219021
-0.496136
0.689268
1.149646
-0.808490
2.507059
-0.192630
1.442913
-0.318985
1.132204
0.028976
0.351481
0.656169
-0.174103
1.736606
1.379077
-2.869763
1.819281
0.074917
-0.532762
0.941918
0.406365
-0.144420
0.616587
0.887325
-0.609897
-6.048584
4.874288
0.638881
-3.238398
0.947347
4.168143
-0.101067
-3.093772
5.323374
-3.157607
-0.453028
0.923660
-0.266107
0.151845
1.205416
0.275423
-0.069865
0.193795
1.944188
-0.517895
0.818689
0.528357
-1.635142
1.495735
0.367062
-0.918639
1.834237
1.630950
-0.816055
-0.022027
2.024715
-2.114216
0.359340
1.186446
0.266465
0.410331
0.101504
0.799479
0.691185
-0.200891
-0.968196
3.136650
-0.720362
-2.854443
1.927807
-1.764502
2.961901
-4.302234
0.290931
2.029079
-2.599972
-0.616095
4.239235
-4.265196
-1.727131
1.850561
-0.246423
3.152901
-0.217542
1.184087
0.464716
-0.049410
3.322904
-0.300558
-2.016077
1.937436
0.977262
-1.916683
2.559465
-0.248111
-1.284406
1.229896
0.884088
-1.613731
1.047066
-0.660804
-0.162229
0.503292
0.943904
0.024473
-0.838663
1.122752
67.824899
-11.604540
0.631579
12.403324
-5.209968
1.446971
1.266037
-1.288758
-0.946134
2.494575
-2.161008
1.021798
0.438174
-2.186992
2.978489
1.142190
-1.989512
1.600004
0.408080
-0.653477
0.601360
0.565137
-1.036450
1.377289
0.346173
-1.549951
1.342237
0.625410
0.267635
-0.563424
1.128449
0.524491
1.395662
-1.671179
1.204447
1.407934
-1.882409
-1.631579
2.725062
-0.841782
-0.445301
4.544021
-2.268594
0.181307
2.247650
0.174015
-0.027071
-0.024600
1.438861
-0.861126
3.345112
1.727818
1.277363
-0.181226
0.104821
1.832440
0.093195
-0.106567
0.872152
0.219656
0.874573
-0.343740
-0.307576
1.810128
-1.453711
1.278556
-0.113711
-1.067536
1.239580
2.958073
-2.743340
-0.988707
2.447317
0.857258
-0.023402
0.031213
5.952975
-43.910359
-2.673447
22.537666
2.431278
-2.797077
1.042199
2.103688
-2.335775
-0.471811
1.271311
-2.888988
1.594660
5.288049
-1.141442
0.411782
1.050764
0.262004
1.721394
-1.325481
1.724860
1.526186
-3.312605
-1.296166
4.492269
-1.269846
-4.011835
1.532425
-0.657830
-0.396191
1.190400
-0.761587
1.577537
1.058964
-0.801737
2.770333
-2.873452
-0.045605
1.762243
-2.154837
-1.310292
2.551817
-0.221032
-1.106196
3.784117
-3.452799
6.871831
-0.522788
-2.633074
11.911223
-61.930203
30.056701
16.774011
-6.467731
-5.126134
5.697698
2.780310
-8.682908
-0.917682
3.574493
-2.746373
-0.875248
2.747565
-1.526540
0.655278
0.114604
0.925004
0.308320
0.958077
2.084834
-1.284673
-1.139167
3.337737
0.495234
0.187068
-0.226413
1.335230
2.585123
-2.714367
-0.368898
2.149492
-0.314160
-0.341663
0.541978
0.902899
0.626815
-2.080170
1.533702
-0.284417
2.241993
-13.017145
19.242245
2.568444
-4.877585
0.702217
12.525145
-19.774872
-4.154244
12.501219
-11.700292
-2.524589
4.382927
-10.249314
9.684158
1.607746
-36.928386
10.736652
4.873725
-16.235311
3.045888
-4.537426
-0.924948
2.895398
-0.818126
0.304496
1.867320
-0.363295
-0.310540
1.870318
0.469812
-0.900567
1.154726
0.249253
0.379811
-0.293617
0.127414
0.347407
-0.307644
0.216751
0.152594
0.057609
0.336019
0.666107
-0.459479
3.118422
-1.006369
0.790180
1.303467
-0.445210
0.003641
1.462077
0.439203
0.434423
-0.126177
-0.257792
0.904940
-0.471321
0.819020
-9.126673
13.436972
9.409771
-2.520355
3.530835
-1.118267
0.440542
1.224278
0.045160
-1.400513
1.294655
0.136295
-0.094777
1.312588
-0.581447
1.145044
0.226167
-1.316581
0.921247
0.889982
-0.128453
0.338049
1.327205
-0.947954
1.055279
-0.090191
0.126707
1.555918
-0.686485
-0.716790
2.007207
1.400497
-0.335716
0.608937
-0.135619
0.903430
-0.754987
-0.367834
1.901432
-0.358811
0.552514
1.267344
-1.059608
1.597736
-0.837679
1.951796
-0.889874
-0.460854
1.331350
0.527146
-0.079450
0.994566
1.603245
-2.260124
0.838190
3.543855
-15.449782
2.839528
-1.859598
0.590765
1.232672
-0.982672
-0.982322
1.233813
3.500723
-9.227342
5.726338
1.358480
-10.066131
39.890855
-11.412696
-18.219973
25.994691
-32.560555
33.260887
0.053611
-5.693133
43.407859
-1.401189
-0.240205
1.634669
2.415730
-2.413638
0.036951
3.023325
-2.321922
5.074302
-1.389004
-0.196568
4.053525
-13.114332
1.176293
31.773638
-21.142753
-15.321754
57.856924
0.294892
-14.827217
2.715901
35.105088
-36.244735
-29.934078
46.178351
-64.418219
-3.794380
22.674829
-9.345238
-0.965597
2.141570
-0.606604
-0.225353
2.666865
-2.404703
3.197137
1.469890
-2.135567
-0.397309
9.183571
6.798625
-8.206579
9.514803
-5.782107
-2.273342
10.378132
-9.388855
-6.438174
19.879408
-0.415399
-3.365855
0.483380
5.375402
-0.187696
0.350090
0.620733
-0.130337
0.070834
3.417993
-0.622894
-1.298359
4.307024
5.416412
-4.132035
-1.611129
3.823328
1.384503
-1.516616
