-0.007072
1.022227
-0.435228
0.198294
1.103001
5.144310
-11.737077
1.918261
13.559607
-8.985353
-27.995227
13.555483
14.388685
-3.958311
4.752529
1.558847
-2.790910
2.151270
-0.180801
-0.448791
2.814834
0.223057
-1.424851
1.812521
31.275830
-5.917055
-34.218518
25.082123
9.900662
-9.828296
11.587195
-1.079577
0.139547
1.382644
3.265971
-3.738588
-16.408722
14.600479
0.563789
-8.488786
6.872656
-2.317411
-0.378178
5.120194
-1.065253
1.282766
-1.106248
0.857435
0.803885
0.032865
0.174432
0.393964
2.546508
-4.871271
2.548092
7.063264
-11.492472
6.297678
-8.127205
6.152030
26.350136
-31.215614
133.247548
-78.118988
-58.750732
127.901849
10.702403
-19.565744
6.943720
-0.948301
-4.524076
4.045720
-5.801863
-7.029809
7.582218
0.912047
-20.147125
24.599377
-434.091524
29.978242
406.320741
-326.504512
14.545211
329.373815
-110.537701
7.879955
15.241929
-9.361837
-10.633103
7.570637
-1.951468
-5.470059
5.237918
1.211893
-5.369723
2.200204
3.122757
-7.625793
-3.214532
2.382002
1.987312
-0.674687
-1.730832
3.049499
2.623154
-1.280506
-1.493317
2.125343
2.820415
-2.374351
3.240769
0.467620
-1.425810
1.070650
2.020351
-1.204881
0.442979
0.614570
-1.209687
2.169041
-0.774951
1.297406
0.343765
-14.023562
9.887195
11.903186
-20.243748
9.971328
-0.142267
0.373314
0.529840
-0.232480
0.113110
1.004075
-0.116433
-0.134471
0.396484
0.307987
0.626637
-2.566816
2.644322
-1.417827
1.016096
3.753556
-1.037164
-10.920708
7.132620
11.565632
-41.071395
7.169913
-7.210644
4.838884
7.245716
-1.656884
1.746247
-0.495055
-0.935843
1.072584
0.883752
-1.707315
-1.272352
3.334684
0.213236
-1.854892
4.298472
-2.969943
0.914579
2.075120
0.768859
-1.340162
1.503673
1.614073
-1.435345
0.880190
-0.148042
0.423063
0.061614
0.693503
0.045497
1.091905
-0.177520
0.494107
1.293393
-1.221395
1.439029
0.698413
-0.086630
2.788390
-2.434764
-4.736428
4.379843
1.093935
-1.757598
2.114163
3.924124
-6.648994
-0.498472
9.172823
-4.421045
2.193150
0.976922
-3.135491
2.732309
4.510914
-4.657364
-0.969652
5.800061
-1.278093
-0.307335
0.550648
-0.328765
1.629681
-0.898330
-5.424651
4.923843
2.939529
-8.512248
16.785482
-8.478901
2.915177
-0.300385
-0.416269
1.910671
0.451383
-0.653179
1.460477
0.139936
-0.675670
0.586720
-0.040544
-2.254688
2.437410
4.459889
-6.978095
1.323252
3.573683
-1.424780
1.431582
-0.393571
-1.733609
1.932683
-0.376208
-1.614319
3.166772
-1.566941
0.257704
0.383703
-0.776095
2.059180
0.741437
-0.466557
0.674517
0.770910
-0.957576
0.070784
1.998215
-0.857631
0.820368
0.906252
-0.290678
0.761082
0.164782
-0.345954
1.033712
-4.253611
-0.364615
0.806925
-3.580717
5.374813
-1.051915
0.420287
0.459342
-0.687644
0.779952
1.096263
-0.219278
1.280823
3.854450
-2.334283
-3.907149
5.763538
-3.037529
1.246751
1.498991
-1.425782
-1.306173
2.400918
-0.282140
-0.106025
1.131089
-0.297184
0.783861
-27.182814
2.696010
-0.723072
0.512526
0.186739
-0.090905
0.525031
-1.699924
1.612597
-0.747904
0.648136
1.156558
0.543855
-0.341274
0.621838
2.391870
-2.361490
-1.093065
1.612327
0.835333
0.845102
-0.060280
-0.313802
1.313721
-0.608998
-2.128938
3.952110
-3.476463
0.965145
5.696401
-2.415171
-13.286355
10.380055
-50.999304
41.651067
-62.612374
-1.409559
19.130058
-0.566495
-4.642775
3.205637
0.726957
0.473353
-0.256947
0.192726
1.253568
1.399485
-1.267361
1.627179
-1.483420
2.253223
0.053501
-1.009775
0.517059
2.330971
-2.499544
20.158013
-6.482244
0.766747
8.657476
-9.360445
8.468925
-8.877405
-4.764126
9.120490
-8.532751
-1.671358
6.364061
1.012161
-0.243098
2.196933
-0.350009
0.248229
0.251473
-0.279140
1.328984
-0.755263
1.973917
0.621500
-0.523806
0.046568
0.944046
-3.491418
2.627170
-0.550504
0.098013
0.320721
0.918044
-0.070025
0.777799
-0.348841
-0.987160
4.332786
-0.610134
1.028682
1.924148
-1.698796
-0.047743
0.690417
0.050654
0.395414
0.920808
-1.040957
2.802870
6.809993
-8.105739
-0.507885
7.255252
-0.801250
0.400849
0.337847
0.267202
0.601228
-0.495076
2.693903
1.013397
-3.154571
2.733163
1.075122
-1.973540
1.157710
1.227969
-0.657672
0.663142
0.449711
-0.628871
-4.608834
0.990969
1.267577
0.699504
0.182402
3.269963
-2.859132
-1.303708
6.284033
-23.483938
2.235855
7.162889
-3.963866
1.607465
0.238351
-0.628957
0.967724
0.226915
-0.206325
0.543641
0.471189
-0.209041
0.668856
-0.576473
-0.070519
0.922609
0.159882
-0.222870
0.021669
2.177446
-0.632138
-0.002742
0.996776
-2.995282
1.130909
5.181124
-10.174166
11.851033
9.379147
-9.648050
-6.014293
10.310399
0.624980
-0.057122
-0.659584
2.088367
-1.530035
-0.243602
4.862288
-4.612172
0.070141
2.477551
-49.497336
34.738290
-10.841246
-10.348073
7.117373
-8.039357
4.908600
0.526690
-0.374700
2.082644
0.316229
-0.037096
0.371428
0.202966
0.891007
0.192292
0.491354
2.711881
2.449490
-6.748318
4.458161
-0.793993
1.797373
-1.697434
0.444412
0.645867
-0.666237
2.470127
-1.247161
-0.070544
3.021200
0.150675
-2.967474
2.861746
-0.060937
0.134671
-0.042799
1.243493
0.223818
-1.020487
1.337842
-1.994780
-0.319869
4.914866
-74.560061
169.301500
-21.542536
-101.478973
207.049262
-237.154333
59.827788
91.621893
-97.145086
18.729585
119.917065
-78.920862
-25.438292
61.947782
15.405843
-25.821187
22.886823
0.474616
-0.200726
2.682334
-0.434721
1.058014
0.309031
0.068578
-2.653252
3.804922
0.112891
-6.244600
1.490936
8.075073
-4.510537
1.188352
1.920517
-2.843943
-0.279573
1.219693
-0.797224
1.875511
-0.713426
1.722683
-1.020405
-0.159639
2.034480
-2.114004
1.365660
1.576003
-1.508935
-0.344024
3.581128
-3.200767
2.816145
-2.375512
-3.402487
3.824737
0.706863
-2.486643
-0.732523
3.985544
-0.799497
-1.077145
3.913541
-0.711722
0.020564
1.004409
-0.899852
3.703250
5.049921
-16.301906
0.252190
1.714644
-0.267840
4.096193
-2.403390
-2.688129
5.757007
-9.511030
-1.281795
8.050671
0.220001
1.760819
-1.687824
1.252148
2.512831
-2.024154
1.231889
1.458206
-1.923440
-0.847474
0.758270
0.976612
-7.278507
3.599447
0.850642
-3.601010
0.880610
2.715430
-5.043409
-2.068094
33.326717
-27.103063
-14.550275
46.249977
-32.328131
-57.173764
70.219683
56.584403
-82.551805
-3.190071
46.430649
2.199709
-5.080074
6.710938
-0.998301
6.515827
-1.773253
0.506693
1.191700
-2.503661
1.741219
1.255974
-1.188232
1.284043
0.447998
0.029962
2.749801
-0.244499
-0.709512
1.482115
-3.202398
1.740106
4.526702
-1.477491
1.012468
3.005702
-3.082076
-0.019730
1.699820
0.076170
-0.685736
1.101091
0.844738
-1.054221
0.743251
-2.126636
6.618237
-2.197584
-1.639348
8.516221
7.905308
-14.612635
0.699999
4.719047
0.637494
-0.357278
1.072779
0.663277
-0.792029
1.019360
0.290855
-0.328528
1.043942
-0.410725
1.306874
0.025271
1.687234
-1.145984
1.288140
0.526693
0.148930
0.299716
0.903340
-0.336971
1.142097
1.041042
-2.281837
1.725958
1.173270
-2.079445
1.077607
-0.429816
1.025800
1.385094
-1.674043
0.758460
1.565345
-0.834398
1.062952
1.590119
-1.848415
-1.056506
3.199278
-2.236542
-0.189769
2.361038
-1.768357
1.833316
-1.072000
-2.943379
9.331293
0.764035
-7.344053
2.856260
0.727872
-1.674923
2.593984
2.712178
-3.399426
-22.260438
32.732837
-7.023223
-5.581707
9.784140
-0.753016
0.779053
3.197151
-0.683849
-1.020167
0.907232
2.495158
0.133728
-3.100043
2.206780
-0.237274
-0.754904
1.502304
0.394782
0.163649
0.690256
0.287011
-1.035140
2.163738
0.875254
-0.752551
3.235833
-0.347459
0.452879
0.951943
-0.410137
-0.471515
4.736505
1.417066
-0.583680
1.531421
0.468844
1.286732
-1.020376
0.625280
0.844199
0.844496
-0.631088
1.020181
-0.923303
1.255747
-2.007992
13.701673
-22.992967
15.031624
33.281204
-25.186754
-0.872906
2.742911
0.210620
-0.715553
2.087090
-1.436472
-0.035781
1.233226
-0.315536
-0.578060
9.517617
-8.698201
1.599976
8.343410
-9.233675
13.892767
-8.505718
1.626828
4.861248
-4.191782
0.376613
0.638912
0.206302
0.110806
0.194564
0.841027
0.326592
-0.019180
1.107322
-2.567222
3.259103
-1.673312
1.702093
2.107893
-1.535859
0.551887
0.764032
0.055489
0.256686
0.456468
0.187554
0.234753
-0.454189
4.379002
-2.025376
13.257282
-44.274281
33.008839
-4.654073
2.940083
16.674299
-36.701310
24.157905
15.549102
-33.410933
15.129255
6.205359
-20.208111
19.885757
-1.294005
-0.540871
1.400320
-1.314565
-0.430511
3.789908
-1.803681
-1.342238
3.436024
-2.370855
1.737856
-0.859754
7.587573
-4.611832
-0.613553
4.469021
-5.083902
0.744646
5.274483
0.050724
-2.413444
11.001881
-9.251167
4.316846
-0.833330
-2.831081
4.143317
2.534288
-6.097270
9.990101
-0.232312
-5.614084
6.112571
1.631095
-0.981890
0.393301
0.745021
1.067275
-0.219941
-0.969664
2.061413
-0.246804
1.220960
-3.416434
5.112909
-0.036955
-5.955805
2.956022
1.865132
-3.496193
3.638728
-2.765674
0.431529
1.575185
0.386615
-0.169409
-0.026373
2.444065
1.767202
-5.230175
3.451893
-1.796966
0.023513
1.496557
0.508798
-5.931983
6.376047
-1.244226
0.022450
1.209668
-0.018547
-0.080018
0.980428
-0.148474
0.478040
-0.022770
-0.185688
3.517560
0.811722
-2.651498
2.208891
1.062022
-0.869878
0.654409
0.953375
-0.143709
-0.475317
1.816032
-0.177427
-0.897558
0.663774
1.704497
-1.628810
1.610918
2.812019
-0.890721
-2.202233
10.033009
12.554474
-9.549720
-0.934217
7.352443
-2.234573
2.483071
-0.017055
0.188727
-0.085387
0.650375
3.510666
-4.204391
1.999886
-0.596614
-2.787115
40.310718
-16.496284
23.405217
-3.122587
2.714284
-0.752453
-3.085497
5.146133
-2.428537
1.901218
-1.469948
1.444103
-1.138732
1.130692
0.104690
-0.883422
0.731911
0.660410
-0.419246
1.070278
0.659206
-2.266192
0.831288
0.025253
-0.640898
1.017154
-0.173507
1.848724
-0.195567
-0.745131
0.314116
4.754482
-4.479274
3.802579
0.470793
0.192735
-0.037214
1.262626
-9.825491
1.256489
13.281111
-13.103800
11.210914
0.339622
-1.488238
2.002949
0.187243
1.578966
0.037777
-1.610447
2.675829
-3.092070
2.612194
0.585635
-1.370794
